1755
970.1933  20.00  0.153  4.744  1.170  0
970.5664  22.00  0.562  0.826  1.260  0
971.8960  22.00  0.350  1.502  0.950  0
972.8407  22.00  0.530  0.818  1.000  0
973.0316  24.00  0.167  3.550  1.330  0
973.4563  24.00  0.170  2.544  0.550  0
973.8573  26.00  0.408  4.991  1.250  0
974.3606  22.00  0.515  0.813  0.000  0
974.6920  22.00  0.106  2.318  1.510  0
974.7318  26.00  0.121  4.580  0.710  0
975.3091  26.00  0.288  4.795  0.910  0
976.3380  26.00  0.286  5.099  1.430  0
976.3895  26.00  0.232  5.033  1.860  0
977.0301  22.00  0.459  0.848  1.550  0
978.3311  22.00  0.489  0.836  1.480  0
978.3589  22.00  0.460  0.818  1.490  0
978.3993  26.00  0.139  4.991  1.000  0
978.6641  26.00  0.137  4.608  1.700  0
978.7688  22.00  0.489  0.826  1.500  0
980.0308  26.00  0.281  5.086  1.590  1
980.0799  26.00  0.117  5.099  2.770  1
981.1504  26.00  0.107  5.012  1.840  1
982.1617  12.00  0.134  5.932  0.750  1
983.2140  22.00  0.224  1.887  1.210  1
983.4185  26.00  0.139  4.991  1.140  1
986.1734  26.00  0.344  5.064  1.210  1
986.8186  26.00  0.166  5.086  2.000  1
988.1522  26.00  0.135  4.584  1.120  1
988.9035  26.00  0.296  5.033  1.420  1
991.3180  26.00  0.128  4.991  1.740  1
992.7351  22.00  0.181  1.879  1.060  1
994.4207  26.00  0.113  5.012  1.670  1
998.0463  26.00  0.101  5.033  0.790  1
999.3209  12.00  0.127  5.933  1.250  1
999.7959  22.00  0.117  1.873  0.810  1
1000.3088  22.00  0.118  2.160  1.170  1
1003.4491  22.00  0.189  1.460  1.110  1
1003.6653  38.01  0.250  1.805  1.067  1
1004.8828  22.00  0.151  1.443  1.010  1
1005.7728  22.00  0.168  2.175  1.350  1
1005.9904  22.00  0.119  1.430  0.830  1
1006.5045  26.00  0.368  4.835  0.750  1
1011.4014  26.00  0.173  2.759  0.830  1
1014.5561  26.00  0.394  4.795  1.060  1
1015.5162  26.00  0.218  2.176  1.460  1
1015.6505  26.00  0.136  4.593  1.300  1
1016.7468  26.00  0.242  2.198  1.410  1
1019.3224  28.00  0.237  4.089  1.130  1
1019.5105  26.00  0.214  2.728  1.000  1
1021.6313  26.00  0.423  4.733  1.230  1
1021.8408  26.00  0.318  3.071  1.470  1
1026.5217  26.00  0.124  2.223  1.240  1
1028.8944  14.00  0.228  4.920  1.970  1
1030.2611  28.00  0.141  4.266  0.500  1
1032.7311  38.01  0.456  1.839  1.100  1
1033.0228  28.00  0.161  4.105  1.300  1
1033.2327  26.00  0.112  3.635  0.500  1
1034.0885  26.00  0.381  2.198  0.680  1
1034.3819  20.00  0.493  2.933  1.000  1
1034.7965  26.00  0.186  5.393  1.340  1
1035.3804  26.00  0.130  5.393  1.460  1
1037.1263  14.00  0.369  4.930  1.730  1
1037.8602  28.00  0.208  4.088  1.040  1
1037.8999  26.00  0.226  2.223  0.260  1
1039.5794  26.00  0.427  2.176  0.890  1
1039.6802  22.00  0.461  0.848  1.130  1
1042.3027  26.00  0.217  2.692  1.090  1
1042.3743  26.00  0.281  3.071  1.480  1
1045.5403  26.00  0.115  5.393  1.130  1
1045.5470  16.00  0.120  6.860  1.250  1
1046.9652  26.00  0.421  3.884  1.160  1
1048.6250  24.00  0.294  3.011  1.500  1
1049.6113  22.00  0.443  0.836  1.050  1
1051.0010  24.00  0.142  3.013  1.420  1
1053.0514  28.00  0.121  4.105  1.270  1
1053.2234  26.00  0.360  3.929  1.000  1
1057.7139  26.00  0.157  3.301  0.840  1
1058.4633  22.00  0.420  0.826  1.000  1
1058.5141  14.00  0.465  4.954  1.270  1
1060.2816  14.00  0.129  5.871  1.050  1
1060.3425  14.00  0.425  4.930  1.500  1
1060.7718  22.00  0.142  0.848  1.330  1
1061.1686  26.00  0.127  6.169  1.210  1
1061.6721  26.00  0.169  3.267  0.900  1
1062.7648  14.00  0.144  5.862  1.610  1
1064.7640  24.00  0.133  3.011  1.530  1
1066.0973  14.00  0.433  4.920  1.530  1
1066.1623  22.00  0.388  0.818  0.870  1
1066.7520  24.00  0.156  3.013  1.480  1
1067.2140  24.00  0.188  3.013  1.520  1
1067.7047  22.00  0.195  0.836  1.250  1
1068.9716  14.00  0.261  5.954  0.750  1
1069.1245   6.00  0.104  7.488  1.170  1
1069.4251  14.00  0.286  5.964  1.000  1
1071.7806  26.00  0.178  5.539  1.270  1
1072.5185  26.00  0.153  3.640  1.150  1
1072.6391  22.00  0.347  0.813  0.590  1
1072.7406  14.00  0.310  5.984  1.130  1
1073.2864  22.00  0.201  0.826  1.090  1
1074.9378  14.00  0.440  4.930  1.520  1
1075.3004  26.00  0.281  3.960  0.510  1
1077.4866  22.00  0.160  0.818  0.690  1
1078.0694  26.00  0.142  3.237  0.960  1
1078.3050  26.00  0.350  3.111  1.500  1
1078.4562  14.00  0.131  5.964  0.920  1
1078.6849  14.00  0.425  4.930  1.500  1
1080.1360  24.00  0.139  3.011  1.510  1
1081.1053  12.00  0.391  5.946  1.125  1
1081.1084  12.00  0.369  5.946  1.000  1
1081.1097  12.00  0.217  5.946  1.208  0
1081.1122  12.00  0.218  5.946  0.917  0
1081.1158  12.00  0.346  5.946  0.750  0
1081.1198  12.00  0.362  5.946  0.833  0
1081.1219  12.00  0.167  5.946  1.167  0
1081.8274  26.00  0.260  3.960  1.010  1
1082.1660  24.00  0.149  3.013  1.600  1
1082.7088  14.00  0.496  4.954  1.500  0
1083.1938  20.00  0.112  4.878  1.170  1
1083.4846  11.00  0.134  3.617  1.071  1
1083.4905  11.00  0.105  3.617  0.900  1
1083.8970  20.00  0.164  4.878  1.500  1
1084.3858  14.00  0.281  5.862  1.140  1
1086.3518  26.00  0.284  4.733  1.340  1
1086.8789  14.00  0.269  6.191  0.920  1
1086.9536  14.00  0.485  5.082  1.000  1
1088.1758  26.00  0.178  2.845  0.280  1
1088.2809  14.00  0.132  5.984  1.210  1
1088.4262  26.00  0.274  3.929  1.320  1
1088.5333  14.00  0.273  6.181  1.100  1
1089.1307  28.00  0.102  4.167  1.030  1
1089.1736  13.00  0.127  4.087  1.167  1
1089.6299  26.00  0.335  3.071  1.510  1
1090.5710  24.00  0.265  3.438  1.660  1
1091.4887  38.01  0.409  1.805  0.833  1
1095.3320  12.00  0.256  5.931  0.500  0
1095.7170  24.00  0.116  3.013  1.520  0
1095.7276  12.00  0.232  5.932  1.000  0
1095.7304  12.00  0.318  5.932  1.000  0
1096.5414  12.00  0.231  5.933  1.333  0
1096.5450  12.00  0.357  5.933  1.167  0
1097.9308  14.00  0.390  4.954  1.480  0
1097.9821  28.00  0.226  4.154  1.270  0
1098.2058  14.00  0.254  6.191  1.200  0
1098.4538  14.00  0.169  6.191  0.980  0
1098.7207  26.00  0.153  2.832  1.990  0
1101.3235  26.00  0.164  4.795  1.320  0
1101.5530  24.00  0.294  3.449  1.970  0
1101.7966  14.00  0.350  6.206  1.100  0
1104.5599  26.00  0.134  5.587  1.320  0
1111.9795  26.00  0.473  2.845  1.000  0
1113.0028  14.00  0.200  6.206  1.190  0
1114.9262  26.00  0.282  2.832  0.670  0
1115.6960  24.00  0.312  3.463  1.400  0
1118.7588  14.00  0.280  6.181  1.150  0
1118.8466  26.00  0.138  6.242  1.130  0
1119.0874  26.00  0.139  5.539  1.460  0
1119.6779  28.00  0.329  2.740  0.900  0
1120.1890  14.00  0.125  6.181  0.710  0
1123.7104  26.00  0.101  6.246  1.240  0
1125.1115  26.00  0.472  2.858  0.510  0
1125.3189  13.00  0.403  4.021  0.900  0
1125.4881  13.00  0.424  4.022  1.071  0
1125.4891  13.00  0.198  4.022  1.029  0
1128.9829  14.00  0.273  6.191  1.250  0
1129.8859  26.00  0.416  2.832  1.330  0
1130.8362  14.00  0.117  6.191  1.090  0
1131.0730  24.00  0.226  3.323  2.510  0
1133.1920  24.00  0.193  3.322  1.990  0
1133.9160  24.00  0.310  3.323  2.010  0
1135.5954  26.00  0.232  3.642  1.330  0
1137.4078  26.00  0.453  2.176  1.830  0
1137.9330  24.00  0.112  3.321  1.840  0
1138.1441  11.00  0.476  2.102  1.333  0
1138.8538  26.00  0.117  5.621  1.600  0
1139.0750  24.00  0.334  3.322  1.670  0
1139.8060  24.00  0.286  3.323  1.000  0
1140.2734  26.00  0.158  6.264  1.120  0
1140.3766  11.00  0.509  2.104  1.167  0
1142.2319  26.00  0.521  2.198  1.980  0
1143.9124  26.00  0.528  2.845  1.010  0
1147.3020  24.00  0.315  3.321  1.590  0
1148.4630  24.00  0.371  3.322  1.170  0
1148.5811  14.00  0.196  6.223  1.020  0
1148.9558  26.00  0.147  6.319  1.210  0
1150.2697  14.00  0.105  6.261  1.300  0
1152.2213  26.00  0.159  3.237  1.030  0
1157.2523  26.00  0.173  6.280  1.190  0
1158.8684  28.00  0.105  4.236  1.140  0
1159.1466  14.00  0.171  6.269  0.890  0
1159.2289  14.00  0.136  6.269  1.000  0
1159.3588  26.00  0.551  2.223  2.500  0
1159.4546  26.00  0.123  4.580  0.860  0
1160.7572  26.00  0.603  2.198  1.660  0
1161.0560  24.00  0.420  3.321  1.250  0
1161.1060  14.00  0.249  6.261  1.040  0
1163.0916  27.00  0.119  3.409  1.190  0
1163.8260  26.00  0.585  2.176  1.580  0
1164.0941  14.00  0.155  6.274  0.500  0
1168.9972  26.00  0.593  2.223  2.000  0
1169.0220  19.00  0.358  1.610  0.833  0
1170.0239  14.00  0.142  6.269  0.720  0
1176.7481  20.00  0.105  4.532  1.000  1
1176.9639  19.00  0.216  1.617  1.067  1
1177.2838  19.00  0.397  1.617  1.100  1
1178.0542  22.00  0.114  1.443  1.210  1
1178.3265  26.00  0.552  2.832  1.140  1
1179.3043  20.00  0.161  4.535  1.170  1
1181.1558  12.00  0.238  5.932  0.750  1
1182.0982  12.00  0.141  5.933  1.250  1
1182.7142  26.00  0.151  4.584  1.010  0
1182.8171  12.00  0.585  4.346  1.000  0
1183.8997  20.01  0.167  6.468  1.170  1
1188.2844  26.00  0.636  2.198  1.180  1
1188.4083  26.00  0.591  2.223  1.000  1
1189.0487  26.00  0.178  5.539  1.160  1
1189.2877  22.00  0.238  1.430  0.750  1
1194.9547  22.00  0.282  1.443  1.000  1
1194.9744  20.01  0.125  6.468  1.330  1
1195.5955  20.00  0.136  4.131  1.000  1
1197.3046  26.00  0.655  2.176  1.260  1
1197.3847  22.00  0.328  1.460  1.140  1
1198.4198  14.00  0.493  4.930  1.000  1
1199.1568  14.00  0.458  4.920  0.510  1
1200.5397  26.00  0.172  5.587  1.220  1
1203.1504  14.00  0.513  4.954  1.170  0
1203.9822  12.00  0.185  5.753  1.000  1
1205.3082  26.00  0.212  4.559  1.580  1
1208.1972  14.00  0.154  6.261  0.710  1
1208.3278  12.00  0.478  5.753  1.167  1
1208.3346  12.00  0.325  5.753  0.833  1
1208.3649  12.00  0.474  5.753  1.000  1
1210.3534  14.00  0.427  4.930  1.000  1
1210.5841  20.00  0.154  4.554  1.000  1
1211.0659  14.00  0.150  6.616  1.040  1
1211.9494  26.00  0.185  4.593  1.120  1
1219.0098  26.00  0.287  3.635  0.780  1
1221.3336  26.00  0.130  4.638  2.500  1
1222.7112  26.00  0.243  4.607  1.670  1
1227.0692  14.00  0.419  4.954  1.330  1
1234.2916  26.00  0.217  4.638  2.010  1
1239.0154  14.00  0.178  5.082  1.270  1
1239.5832  14.00  0.232  4.954  2.000  1
1241.7937  12.00  0.128  5.931  2.000  1
1242.3029  12.00  0.224  5.932  1.750  1
1243.2273  19.00  0.238  1.610  1.333  1
1243.3452  12.00  0.268  5.933  1.250  1
1243.3748  20.00  0.105  5.026  1.000  1
1251.0519  26.00  0.113  4.956  0.960  1
1252.1810  24.00  0.262  2.708  1.630  1
1252.2134  19.00  0.306  1.617  1.167  1
1253.2840  24.00  0.181  2.709  1.490  1
1255.6996  26.00  0.376  2.279  1.500  1
1258.3924  14.00  0.115  6.616  1.280  1
1261.0942  20.00  0.105  5.049  1.000  0
1261.5928  26.00  0.214  4.638  1.000  0
1263.8703  26.00  0.371  4.559  1.260  0
1264.8741  26.00  0.303  4.607  1.180  0
1267.9170  11.00  0.277  3.617  1.071  0
1267.9220  11.00  0.244  3.617  0.900  0
1273.8383  22.00  0.139  2.175  1.020  0
1274.0204  12.00  0.105  5.753  0.750  0
1278.9450  26.00  0.126  5.010  0.750  0
1280.7152  26.00  0.278  3.640  1.010  1
1280.8243  26.00  0.165  4.988  1.250  1
1281.1478  22.00  0.119  2.160  0.950  0
1281.6045  20.00  0.240  3.910  1.250  0
1282.1672  22.00  0.397  1.460  1.260  0
1282.3867  20.00  0.184  3.910  1.750  0
1282.4859  26.00  0.118  3.018  0.840  0
1283.1445  22.00  0.334  1.430  0.670  1
1284.0574  26.00  0.180  4.956  1.370  1
1284.7034  22.00  0.371  1.443  1.080  1
1287.9766  26.00  0.415  2.279  1.490  1
1289.6118  26.00  0.172  4.913  1.410  1
1289.9760  25.00  0.539  2.114  1.290  1
1290.9070  20.00  0.229  4.430  0.710  1
1291.0090  24.00  0.220  2.708  1.360  1
1293.2313  28.00  0.231  2.740  0.530  1
1293.3006  26.00  0.122  5.020  0.010  1
1293.4666  26.00  0.160  5.393  1.150  1
1293.7020  24.00  0.189  2.710  1.500  1
1297.5910  25.00  0.403  2.888  1.210  1
1300.6684  26.00  0.150  2.990  0.990  1
1301.1897  22.00  0.115  1.443  1.490  1
1302.9524  14.00  0.152  6.083  1.530  1
1303.0921  14.00  0.196  6.079  1.500  1
1303.3554  20.00  0.267  4.441  1.080  1
1303.9647  26.00  0.150  5.655  1.190  1
1304.8181  28.00  0.115  4.538  1.050  1
1307.7265  22.00  0.124  1.460  1.550  1
1309.8876  26.00  0.186  5.010  0.740  1
1310.2057  14.00  0.261  6.083  1.340  1
1312.3410  13.00  0.549  3.143  1.167  1
1313.4942  20.00  0.300  4.451  1.250  1
1314.7920  26.00  0.197  5.393  1.170  1
1315.0753  13.00  0.523  3.143  1.333  1
1315.2743  14.00  0.104  4.920  1.000  1
1317.6888  14.00  0.323  5.862  1.010  1
1320.1150  24.00  0.215  2.709  1.510  1
1321.7020  24.00  0.102  2.710  2.510  1
1326.0728  26.00  0.226  5.446  1.170  0
1328.1490  25.00  0.359  2.920  1.100  0
1328.6814  26.00  0.241  4.988  0.970  0
1328.7294  26.00  0.195  5.621  1.630  0
1328.7564  14.00  0.338  4.930  1.250  0
1328.7829  26.00  0.354  2.949  1.100  0
1329.3800  25.00  0.483  2.143  1.650  0
1330.9045  14.00  0.232  6.099  1.500  0
1331.7984  20.00  0.137  4.624  1.000  0
1331.8940  25.00  0.508  2.143  1.220  0
1332.5626  14.00  0.293  6.099  1.450  0
1335.2173  26.00  0.289  5.309  1.630  0
1338.9414  26.00  0.275  5.385  1.190  0
1339.2102  26.00  0.350  5.352  1.330  0
1341.5640  25.00  0.274  2.920  1.480  0
1343.2230  14.00  0.142  6.083  0.870  0
1349.5044  26.00  0.290  4.956  1.070  0
1349.9904  25.00  0.296  2.941  0.830  0
1354.6978  26.00  0.350  4.913  1.290  0
1355.2761  28.00  0.151  5.342  1.140  0
1355.8058  26.00  0.104  6.017  0.950  0
1356.5018  26.00  0.397  5.309  1.390  0
1358.8970  25.00  0.300  2.941  1.460  0
1360.0370  25.00  0.362  2.164  1.790  0
1360.0640  26.00  0.224  3.017  1.330  0
1362.6753  25.00  0.501  2.164  1.770  0
1362.6960  25.00  0.498  2.164  1.770  0
1363.1936  14.00  0.252  6.125  1.970  0
1364.2930  25.00  0.459  2.164  1.130  0
1365.0070  26.00  0.147  6.367  1.280  0
1366.7309  14.00  0.222  6.099  1.300  0
1366.7989  26.00  0.351  3.642  1.130  0
1368.2946  14.00  0.143  6.727  0.930  0
1368.3429  25.00  0.299  2.953  1.330  0
1369.3797  14.00  0.317  6.125  1.730  0
1371.1352  14.00  0.303  6.125  1.120  0
1372.1688  26.00  0.108  6.144  1.610  0
1372.2456  28.00  0.164  6.009  1.390  0
1372.4969  26.00  0.158  6.144  1.210  0
1373.4350  26.00  0.214  6.175  1.700  0
1375.5865  26.00  0.361  5.410  2.160  0
1378.3361  28.00  0.130  6.086  1.310  0
1378.7735  23.00  0.107  1.868  1.020  0
1381.5365  26.00  0.278  5.309  1.550  0
1382.4650  26.00  0.166  4.209  1.490  0
1382.4851  28.00  0.106  5.469  0.760  0
1382.7489  28.00  0.186  6.009  1.170  0
1384.7460  25.00  0.438  2.178  1.880  0
1384.9628  28.00  0.306  2.740  0.850  0
1386.4198  25.00  0.487  2.178  2.120  0
1387.0827  28.00  0.137  5.363  1.260  0
1387.6680  26.00  0.121  5.393  1.100  0
1389.7166  26.00  0.379  5.385  1.810  0
1390.5338  14.00  0.216  6.399  0.960  0
1394.9725  12.00  0.138  6.588  1.000  0
1396.0508  26.00  0.109  5.033  1.470  0
1396.6949  28.00  0.125  6.086  0.940  0
1399.5449  14.00  0.290  6.206  1.130  0
1399.7510  25.00  0.475  2.187  2.120  0
1400.4483  26.00  0.136  6.218  1.310  0
1400.7283  26.00  0.403  5.426  1.980  0
1402.6476  14.00  0.218  6.181  0.650  0
1403.8867  26.00  0.139  5.385  1.970  0
1405.9985  14.00  0.134  5.082  1.250  0
1407.3371  14.00  0.205  6.125  0.660  0
1408.1298  26.00  0.231  6.119  1.500  0
1409.9076  26.00  0.109  5.099  0.000  0
1409.9640  28.00  0.167  6.009  1.230  0
1411.3016  14.00  0.271  6.191  0.990  0
1412.1072  26.00  0.300  6.119  1.570  0
1412.9142  26.00  0.311  6.119  1.210  0
1415.6727  26.00  0.138  6.200  1.180  0
1415.8179  26.00  0.150  6.218  2.490  0
1416.9520  26.00  0.112  6.453  1.680  0
1420.2241  26.00  0.182  6.175  1.300  0
1420.4588  28.00  0.112  6.257  1.250  0
1420.5599  26.00  0.235  6.175  1.570  0
1422.1355  14.00  0.237  5.862  1.230  0
1422.4526  14.00  0.326  5.082  0.760  0
1423.6219  26.00  0.465  5.352  1.670  0
1423.8906  26.00  0.206  6.200  1.870  0
1424.3917  26.00  0.126  5.086  0.990  0
1425.1263  26.00  0.378  5.539  1.310  0
1425.2444  20.00  0.113  4.680  0.750  0
1425.9459  20.00  0.149  4.681  1.000  0
1427.0253  20.00  0.188  4.681  1.130  0
1428.5079  26.00  0.447  5.385  1.650  0
1429.0309  26.00  0.197  6.200  1.830  0
1429.2347  26.00  0.437  5.410  1.740  0
1429.4260  26.00  0.306  5.410  2.240  0
1430.6921  12.00  0.130  6.719  1.125  0
1430.8696  26.00  0.450  3.017  1.160  0
1431.8547  26.00  0.179  6.360  1.290  0
1433.1390  26.00  0.234  5.393  1.540  0
1434.8450  24.00  0.139  3.375  1.520  0
1436.5452  26.00  0.176  6.419  1.330  0
1439.6430  26.00  0.145  5.550  0.760  0
1440.0538  26.00  0.512  5.309  1.290  0
1440.0989  26.00  0.170  5.539  1.820  0
1440.5226  26.00  0.144  5.538  1.190  0
1442.0120   6.00  0.116  8.851  1.150  0
1442.6910  14.00  0.144  6.181  0.550  0
1443.7573  26.00  0.234  4.209  1.490  0
1443.9339  26.00  0.191  5.393  1.500  0
1444.2266  26.00  0.442  5.410  1.770  0
1445.7795  12.00  0.124  6.719  1.125  0
1446.0745  26.00  0.185  5.064  1.250  0
1446.5566  26.00  0.190  5.874  1.340  0
1448.0604  26.00  0.211  6.419  1.560  0
1448.1905  26.00  0.296  6.144  1.370  0
1449.1864  26.00  0.210  6.222  1.710  0
1449.7822  26.00  0.374  5.426  3.000  0
1450.2909  26.00  0.283  6.144  1.650  0
1451.2206  26.00  0.503  5.352  1.210  0
1452.3618  26.00  0.331  5.587  1.210  0
1454.2495   6.00  0.184  7.685  1.000  0
1454.2971  26.00  0.246  6.253  1.310  0
1454.5104  26.00  0.216  6.144  1.300  0
1454.8607  26.00  0.133  4.261  1.500  0
1455.5033  26.00  0.492  5.385  1.270  0
1456.5938  26.00  0.433  5.426  2.280  0
1456.8374  26.00  0.143  6.066  1.150  0
1456.8895  28.00  0.142  5.488  1.080  0
1459.2512  14.00  0.178  5.954  0.770  0
1461.5619  12.00  0.292  6.118  1.000  0
1462.0101  26.00  0.216  6.360  1.440  0
1463.8721  28.00  0.124  6.361  1.130  0
1464.1656  26.00  0.128  6.275  0.520  0
1464.9419  12.00  0.127  6.719  1.125  0
1465.1020  26.00  0.343  6.237  1.120  0
1465.1815  26.00  0.214  6.277  1.190  0
1465.2901  26.00  0.367  6.206  1.200  0
1465.4399  26.00  0.226  6.237  1.540  0
1467.9831  26.00  0.157  6.242  0.980  0
1468.9758  26.00  0.274  6.268  1.120  0
1470.0269  12.00  0.238  6.588  1.000  0
1470.2962  26.00  0.448  5.410  1.090  0
1470.9402  26.00  0.348  6.367  1.220  0
1471.8572  26.00  0.117  6.206  1.390  0
1471.9653  26.00  0.419  5.426  0.810  0
1472.2347  26.00  0.278  6.206  1.510  0
1472.9551  26.00  0.137  2.424  1.500  0
1473.2759  28.00  0.161  6.257  1.100  0
1473.7574  26.00  0.261  5.033  1.330  0
1474.5387  26.00  0.102  2.198  2.080  0
1474.9788  26.00  0.395  6.169  1.210  0
1475.2356  26.00  0.244  5.621  0.940  0
1475.4041  26.00  0.121  5.446  1.350  0
1475.5862  26.00  0.190  5.921  1.230  0
1476.7540  11.00  0.242  3.753  0.833  0
1476.9831  14.00  0.126  5.964  1.240  0
1477.9750  11.00  0.309  3.753  1.100  0
1478.7543  26.00  0.109  6.306  0.610  0
1480.6002  26.00  0.108  4.076  1.380  0
1480.8318  26.00  0.155  5.385  1.580  0
1481.4735  26.00  0.355  4.991  1.410  0
1481.5923  26.00  0.102  6.474  0.970  0
1482.6408  26.00  0.501  5.309  1.440  0
1483.4885  28.00  0.200  5.469  0.520  0
1483.8276  26.00  0.141  5.086  1.470  0
1484.2704  26.00  0.133  6.268  1.700  0
1484.8175  26.00  0.137  6.277  1.600  0
1484.9691  22.00  0.159  2.345  1.120  0
1486.1147  26.00  0.116  6.253  1.580  0
1486.6606  26.00  0.133  6.252  0.790  0
1487.2028  28.00  0.349  5.282  1.310  0
1487.7529  12.00  0.560  5.946  1.125  0
1487.7608  12.00  0.549  5.946  1.000  0
1487.7648  12.00  0.471  5.946  1.208  0
1487.7712  12.00  0.471  5.946  0.917  0
1487.7752  12.00  0.185  5.946  2.000  0
1487.7781  12.00  0.535  5.946  0.750  0
1487.8190  12.00  0.540  5.946  0.833  0
1487.8230  12.00  0.443  5.946  1.167  0
1489.7406  26.00  0.304  6.419  1.150  0
1489.8516  12.00  0.135  6.719  1.125  0
1490.3933  26.00  0.276  6.453  1.010  0
1490.9632  26.00  0.264  6.360  1.250  0
1491.1389  26.00  0.284  5.539  1.430  0
1491.5360  25.00  0.116  5.703  1.280  0
1493.7099  26.00  0.153  6.277  0.610  0
1493.8630  26.00  0.214  6.253  1.490  0
1493.9644  26.00  0.183  6.474  0.840  0
1494.6742  26.00  0.173  5.446  1.580  0
1494.7386  26.00  0.329  5.539  2.110  0
1495.6152  26.00  0.435  5.539  1.640  0
1495.6570  26.00  0.296  5.067  1.280  0
1495.9220  26.00  0.258  6.367  1.470  0
1496.8327  26.00  0.286  6.277  0.820  0
1496.8419  25.00  0.186  5.707  1.320  0
1497.8730  24.00  0.106  3.375  1.480  0
1497.9696  26.00  0.192  6.169  1.410  0
1498.2801  26.00  0.158  6.258  0.650  0
1498.8778  26.00  0.343  6.169  1.490  0
1500.9416  26.00  0.181  6.281  -0.330  0
1501.3771  26.00  0.313  6.222  1.630  0
1501.7700  26.00  0.307  6.222  1.150  0
1502.2317  26.00  0.172  6.415  1.240  0
1502.4997  12.00  0.620  5.108  1.250  0
1504.0246  12.00  0.606  5.108  1.750  0
1504.7714  12.00  0.574  5.108  2.000  0
1505.1749  26.00  0.507  5.352  1.520  0
1506.2146  26.00  0.216  6.253  1.560  1
1506.7041  20.00  0.122  4.624  1.000  1
1507.7241  26.00  0.190  2.832  1.670  1
1507.7287  26.00  0.395  5.587  1.570  1
1507.7287  26.00  0.407  2.176  1.790  1
1509.4695  26.00  0.387  6.360  1.130  1
1509.5194  26.00  0.126  4.284  1.500  1
1511.2331  26.00  0.136  6.266  1.560  1
1511.8115  26.00  0.131  6.266  1.170  1
1512.0504  26.00  0.316  5.446  1.550  1
1512.2380  26.00  0.397  5.621  1.660  1
1513.5306  12.00  0.139  6.431  1.250  1
1513.6124  26.00  0.370  5.828  1.450  1
1514.3089  26.00  0.158  5.921  1.210  1
1514.4051  26.00  0.358  5.642  2.080  1
1515.5208  26.00  0.162  6.253  1.340  1
1515.9158  25.00  0.400  4.889  1.390  1
1515.9719  26.00  0.167  6.303  0.960  1
1516.0503  26.00  0.208  6.342  1.350  1
1516.3067  19.00  0.371  2.670  1.070  1
1516.8376  19.00  0.320  2.670  0.900  1
1517.6713  26.00  0.265  5.921  1.260  1
1518.2924  26.00  0.144  6.329  0.490  1
1519.4490  26.00  0.194  2.223  2.250  1
1519.9616  28.00  0.113  5.469  1.460  1
1520.1562  26.00  0.245  6.306  0.980  1
1520.7526  26.00  0.503  5.385  1.530  1
1521.3020  26.00  0.166  6.306  1.500  1
1521.7686  25.00  0.384  4.889  1.970  1
1521.9618  26.00  0.277  5.587  1.530  1
1522.4729  26.00  0.305  5.956  0.820  1
1523.1593  12.00  0.192  6.719  1.125  1
1523.1681  12.00  0.134  6.719  1.000  1
1523.1776  12.00  0.114  6.719  0.750  1
1523.9712  26.00  0.250  6.419  1.550  1
1524.3588  14.00  0.161  6.727  1.220  1
1524.4973  26.00  0.435  5.587  1.400  1
1525.4020  14.00  0.120  7.166  1.210  1
1525.9363  26.00  0.105  5.829  1.290  1
1526.0642  26.00  0.167  6.308  0.690  1
1526.2415  25.00  0.357  4.889  1.640  1
1527.1550  26.00  0.106  6.308  1.090  1
1529.1365  26.00  0.126  6.275  0.680  1
1529.3135  26.00  0.325  6.311  1.360  1
1529.4560  26.00  0.551  5.309  1.590  1
1529.4902  26.00  0.242  6.415  1.340  1
1529.6163  26.00  0.168  5.064  1.450  1
1530.1557  26.00  0.221  5.921  1.280  1
1530.5603  26.00  0.123  6.277  1.740  1
1532.3555  26.00  0.132  6.350  1.660  1
1533.4847  22.00  0.467  1.887  1.210  1
1533.5383  26.00  0.485  5.410  1.540  1
1534.3788  26.00  0.330  5.653  2.630  1
1534.8367  26.00  0.133  5.874  1.110  1
1536.0234  26.00  0.161  4.261  1.470  1
1537.5346  26.00  0.147  5.921  1.970  1
1537.6831  14.00  0.321  6.223  1.200  1
1538.1960  26.00  0.272  5.979  0.010  1
1538.7803  26.00  0.262  6.277  1.010  1
1539.4670  26.00  0.267  5.956  1.120  1
1539.4673  26.00  0.450  5.621  1.520  1
1539.5718  26.00  0.431  5.621  1.270  1
1539.8485  26.00  0.268  6.342  0.940  1
1540.0077  16.00  0.111  8.699  0.750  1
1540.3791  16.00  0.132  8.700  1.000  1
1542.1567  12.00  0.138  6.726  1.167  1
1542.2276  16.00  0.152  8.700  1.120  1
1542.7619  26.00  0.103  6.452  0.970  1
1545.1298  26.00  0.193  6.453  1.780  1
1546.9816  16.00  0.117  8.045  1.750  1
1547.5896  26.00  0.133  5.874  1.410  1
1547.6500  26.00  0.101  6.321  1.230  1
1547.8482  16.00  0.148  8.046  1.250  1
1547.8875  26.00  0.102  6.237  1.030  1
1548.6078  26.00  0.188  6.286  1.460  1
1549.0337  26.00  0.304  2.198  2.000  1
1549.0526  26.00  0.221  6.286  1.640  1
1549.0881  26.00  0.188  6.286  1.170  1
1549.6697  26.00  0.196  6.286  1.010  1
1549.7041  26.00  0.115  6.286  1.410  1
1550.0799  26.00  0.291  6.321  1.270  1
1550.1320  26.00  0.384  6.287  1.020  1
1551.4279  26.00  0.187  6.287  1.320  1
1551.8891  26.00  0.111  6.277  1.730  1
1552.4308  26.00  0.218  5.793  0.960  1
1553.1751  26.00  0.416  5.642  0.800  1
1553.1802  26.00  0.111  6.242  0.700  1
1553.4245  26.00  0.390  5.642  1.950  1
1553.7453  26.00  0.163  5.793  1.390  1
1553.7695  26.00  0.297  6.323  0.900  1
1554.2079  26.00  0.400  5.642  1.520  1
1554.3761  22.00  0.452  1.879  1.060  1
1555.0436  26.00  0.280  6.323  1.600  1
1555.1433  26.00  0.199  6.347  0.810  1
1555.5154  28.00  0.169  5.282  1.610  1
1555.5375  28.00  0.308  5.488  1.120  1
1555.7778  14.00  0.365  5.964  1.330  1
1556.0784  26.00  0.172  6.349  0.150  1
1556.5222  26.00  0.159  6.323  2.090  1
1556.6725  26.00  0.124  6.350  1.240  1
1558.6927  26.00  0.126  6.364  0.210  1
1558.8259  26.00  0.390  6.367  1.490  1
1559.0046  26.00  0.117  6.242  1.820  1
1559.1490  26.00  0.476  6.242  1.140  1
1559.1497  26.00  0.120  6.364  0.340  1
1559.3749  26.00  0.153  5.033  1.610  1
1559.4396  26.00  0.278  6.349  0.150  1
1559.8769  26.00  0.100  6.349  1.330  1
1559.8869  26.00  0.100  6.242  1.600  1
1560.2842  22.00  0.178  2.267  1.000  1
1560.4164  26.00  0.346  5.874  1.700  1
1560.4220  26.00  0.434  6.242  1.460  1
1560.5684  28.00  0.312  5.305  0.990  1
1561.1145  26.00  0.132  3.415  1.830  1
1561.3625  26.00  0.128  6.350  1.110  1
1561.7701  26.00  0.114  6.277  1.990  1
1562.1654  26.00  0.532  5.539  1.490  1
1562.9364  26.00  0.147  5.946  1.450  1
1563.1947  26.00  0.513  5.352  1.660  1
1563.2632  28.00  0.340  5.305  1.040  1
1563.9477  26.00  0.269  6.415  1.190  1
1564.5016  26.00  0.211  6.311  2.090  1
1564.8510  26.00  0.405  5.426  2.980  1
1565.2871  26.00  0.293  6.246  1.540  1
1566.2013  26.00  0.480  5.828  1.480  1
1566.5240  26.00  0.325  5.979  0.670  1
1567.1004  26.00  0.254  6.329  1.130  1
1567.1866  26.00  0.143  5.921  1.100  1
1567.3151  26.00  0.142  6.246  0.800  1
1567.6584  26.00  0.132  5.106  1.690  1
1567.7012  26.00  0.301  6.246  1.690  1
1567.7519  26.00  0.188  6.246  1.430  1
1568.0060  24.00  0.282  4.697  1.360  1
1568.1394  26.00  0.105  6.253  0.720  1
1568.2016  26.00  0.109  5.410  1.990  1
1568.2513  26.00  0.231  6.369  1.110  1
1568.6020  26.00  0.311  6.329  1.580  1
1568.6441  26.00  0.444  6.246  1.480  1
1568.7140  26.00  0.172  6.369  1.230  1
1569.1853  26.00  0.454  6.246  1.240  1
1569.2747  26.00  0.454  5.385  1.750  1
1569.3311  12.00  0.259  6.719  1.125  1
1569.3454  12.00  0.214  6.719  0.833  1
1569.3555  12.00  0.170  6.719  0.750  1
1569.8986  22.00  0.145  1.887  1.530  1
1571.5578  22.00  0.429  1.873  0.750  1
1572.3586  26.00  0.449  5.621  1.760  1
1573.1412  26.00  0.190  6.452  0.850  1
1574.0706  12.00  0.536  5.931  0.500  1
1574.1917  26.00  0.452  5.653  0.070  1
1574.8886  12.00  0.526  5.932  1.000  0
1574.8988  12.00  0.563  5.932  1.000  0
1575.3606  28.00  0.115  5.469  0.840  0
1576.1313  26.00  0.373  6.252  1.520  0
1576.4323  26.00  0.312  6.299  1.660  0
1576.5645  12.00  0.359  5.933  2.000  0
1576.5747  12.00  0.527  5.933  1.333  0
1576.5839  12.00  0.584  5.933  1.167  0
1576.7378  26.00  0.113  5.793  1.430  0
1576.9092  26.00  0.229  6.299  0.670  0
1576.9423  26.00  0.548  5.539  1.200  1
1577.0617  26.00  0.422  6.299  1.510  1
1577.4068  26.00  0.436  6.299  1.090  1
1578.8996  26.00  0.437  6.252  1.470  1
1578.9509  26.00  0.342  6.252  1.040  1
1579.8230  26.00  0.234  5.946  1.230  1
1579.8559  26.00  0.410  6.252  1.320  1
1580.6275  26.00  0.320  6.336  1.260  1
1580.8055  14.00  0.123  7.230  0.860  1
1581.0447  14.00  0.116  7.069  1.000  1
1581.6631  26.00  0.344  5.956  1.370  1
1581.8142  26.00  0.537  5.587  1.130  1
1581.9131  26.00  0.349  6.303  0.660  1
1582.1712  26.00  0.312  5.642  1.490  1
1582.2816  26.00  0.494  5.642  0.800  1
1582.7213  14.00  0.166  7.092  1.130  1
1583.2627  26.00  0.176  6.303  1.390  1
1583.3602  14.00  0.435  6.223  1.050  1
1583.4164  26.00  0.208  6.303  1.640  1
1583.5165  26.00  0.466  6.303  1.100  1
1583.6780  22.00  0.126  1.879  1.530  1
1583.7643  26.00  0.403  6.303  1.460  1
1584.5216  26.00  0.112  5.979  1.870  1
1585.2807  26.00  0.165  6.365  1.310  1
1585.3315  26.00  0.284  5.956  1.100  1
1585.4029  26.00  0.138  5.067  1.510  1
1585.8656  26.00  0.405  5.587  1.300  1
1586.0210  24.00  0.250  4.697  1.900  1
1586.3709  26.00  0.387  6.258  1.500  1
1586.8524  26.00  0.493  5.587  1.460  1
1586.8572  26.00  0.411  6.364  0.730  1
1587.3843  22.01  0.133  3.123  1.080  1
1587.8444  26.00  0.254  5.621  1.490  1
1587.9521  12.00  0.224  5.946  1.333  1
1587.9564  12.00  0.420  5.946  1.167  1
1588.4454  14.00  0.387  5.954  0.990  1
1588.5877  26.00  0.144  6.306  2.060  1
1588.6188  12.00  0.362  5.946  1.000  1
1588.6261  12.00  0.225  5.946  1.000  1
1588.7712  26.00  0.280  6.306  1.560  1
1588.8409  14.00  0.591  5.082  1.000  1
1588.9521  12.00  0.263  5.946  0.500  1
1589.1160  26.00  0.331  6.306  1.580  1
1589.2395  26.00  0.338  6.306  1.740  1
1589.2453  26.00  0.287  6.342  0.350  1
1589.2769  26.00  0.364  6.306  1.450  1
1589.2961  26.00  0.163  6.342  0.800  1
1589.4752  26.00  0.215  6.206  0.910  1
1589.5225  26.00  0.442  6.258  1.540  1
1589.6555  26.00  0.384  6.342  1.170  1
1589.8016  26.00  0.395  6.306  1.570  1
1589.8890  26.00  0.200  6.306  0.820  1
1589.9252  26.00  0.261  6.306  1.230  1
1589.9586  26.00  0.288  6.364  1.390  1
1589.9710  14.00  0.180  6.761  1.470  1
1590.1518  26.00  0.204  5.921  1.310  1
1590.4323  26.00  0.416  6.365  1.370  1
1590.4417  26.00  0.376  6.306  1.150  1
1590.5910  12.00  0.132  6.726  1.000  1
1590.6044  26.00  0.516  5.621  1.080  1
1590.9084  26.00  0.345  6.342  1.440  1
1590.9241  26.00  0.199  6.342  0.790  1
1591.1302  26.00  0.453  5.874  1.510  1
1591.2591  26.00  0.331  6.380  1.730  1
1591.2594  12.00  0.203  6.726  1.167  1
1591.2830  12.00  0.199  6.726  1.167  1
1591.3627  26.00  0.244  6.342  1.480  1
1591.4116  14.00  0.115  6.721  1.070  1
1591.7329  26.00  0.181  6.453  1.500  1
1592.0642  26.00  0.424  6.258  0.900  1
1592.1096  26.00  0.332  5.486  1.270  1
1592.2442  26.00  0.156  6.342  1.650  1
1592.2600  26.00  0.182  6.342  1.650  1
1592.8158  26.00  0.255  5.946  1.240  1
1592.8670  26.00  0.230  6.222  1.440  1
1592.9472  26.00  0.231  6.308  1.660  1
1592.9843  26.00  0.262  6.258  1.170  1
1593.2171  26.00  0.318  6.308  1.480  1
1593.4017  26.00  0.256  6.308  1.130  1
1593.8102  26.00  0.116  6.342  2.250  1
1593.8918  26.00  0.338  6.369  1.160  1
1594.1848  26.00  0.384  6.360  1.340  1
1595.4085  26.00  0.224  6.222  1.660  1
1595.4477  12.00  0.106  6.588  0.833  1
1595.4477  12.00  0.378  6.588  1.000  1
1596.0063  14.00  0.506  5.984  1.170  1
1596.2558  26.00  0.286  6.419  1.490  1
1596.3679  26.00  0.106  6.369  0.940  1
1596.4865  26.00  0.473  5.921  1.140  1
1596.5089  25.00  0.137  5.792  1.270  1
1596.8287  13.00  0.101  4.827  1.071  1
1596.8287  13.00  0.101  4.827  1.071  1
1597.1248  26.00  0.270  6.415  1.280  1
1598.0725  26.00  0.504  6.264  1.120  1
1598.2072  26.00  0.143  6.266  1.230  1
1600.2263  26.00  0.132  6.237  0.800  1
1600.3439  26.00  0.104  6.347  1.420  1
1600.4871   6.00  0.117  9.631  0.960  1
1600.5161  26.00  0.186  6.222  1.250  1
1600.6537  29.00  0.104  5.348  1.167  1
1600.6540  29.00  0.139  5.348  1.170  1
1600.6757  26.00  0.470  6.347  0.820  1
1600.7083  26.00  0.382  6.347  1.490  1
1600.8075  26.00  0.411  6.266  1.480  1
1600.9610  26.00  0.451  5.426  1.470  1
1601.3780  28.00  0.184  5.305  1.080  1
1601.5320  24.00  0.183  4.697  1.630  1
1601.9787  26.00  0.166  6.347  1.990  1
1602.1700   6.00  0.117  9.631  1.150  1
1602.5673  26.00  0.191  6.666  0.820  1
1603.7818  26.00  0.410  6.264  1.330  1
1603.9853  26.00  0.342  5.653  1.460  1
1604.0654  26.00  0.489  5.874  1.370  1
1604.2391  26.00  0.103  6.264  1.340  1
1604.2716  26.00  0.427  6.266  1.560  1
1605.1734  26.00  0.108  6.264  1.110  1
1606.0008  14.00  0.451  5.954  0.510  1
1606.4726  26.00  0.171  6.349  0.280  1
1607.0180  26.00  0.295  5.956  0.750  1
1607.1397  26.00  0.381  6.266  1.130  1
1607.1562  26.00  0.280  6.350  1.220  1
1607.2242  26.00  0.413  6.350  1.110  1
1607.3870  26.00  0.164  6.349  0.780  1
1607.7946  26.00  0.182  2.832  1.820  1
1608.7162  26.00  0.157  6.277  1.830  1
1608.9668  26.00  0.163  6.349  1.920  1
1609.4786  14.00  0.492  5.964  1.020  1
1610.0282  26.00  0.324  6.351  1.370  1
1610.2408  26.00  0.516  5.874  1.160  1
1611.5140  26.00  0.210  6.390  0.620  1
1611.5966  26.00  0.420  6.390  1.310  1
1612.3212  26.00  0.189  6.351  1.310  1
1612.5899  26.00  0.489  6.351  1.270  1
1612.9015  14.00  0.170  7.139  1.100  1
1613.6096  28.00  0.287  5.488  1.050  1
1613.6823  20.00  0.372  4.531  0.500  1
1615.0762  20.00  0.451  4.532  1.000  1
1615.2714  28.00  0.152  4.538  1.050  1
1615.3247  26.00  0.436  5.352  1.470  1
1615.5236  20.00  0.333  4.532  1.000  1
1615.6557  26.00  0.374  5.956  1.450  1
1615.7364  20.00  0.492  4.554  1.000  1
1616.3691  14.00  0.396  5.954  1.500  1
1616.5029  26.00  0.508  6.319  1.200  1
1617.1930  26.00  0.204  6.380  1.150  1
1617.4975  26.00  0.376  6.380  1.320  1
1617.7991  26.00  0.217  6.380  1.310  1
1617.9583  26.00  0.407  6.319  1.400  1
1618.0900  26.00  0.423  6.275  1.380  1
1618.2170  26.00  0.151  6.319  1.420  1
1618.5799  26.00  0.391  6.394  0.750  1
1619.5060  26.00  0.430  6.394  0.720  1
1619.5272  26.00  0.139  6.394  1.510  1
1619.7075  20.00  0.498  4.535  1.170  1
1619.8502  26.00  0.468  5.410  1.480  1
1620.1513  26.00  0.238  6.380  1.270  1
1620.2330  26.00  0.146  6.321  1.130  1
1620.4087  20.00  0.335  4.535  1.330  1
1620.4252  26.00  0.398  6.321  1.260  1
1620.6701  22.00  0.129  3.104  1.120  1
1620.7744  26.00  0.463  6.321  1.350  1
1621.3001  26.00  0.187  6.321  1.760  1
1621.3537  26.00  0.429  6.275  1.670  1
1621.5670  14.00  0.437  5.954  0.510  1
1622.5618  26.00  0.402  6.380  1.180  1
1622.5974  26.00  0.191  2.176  1.870  1
1623.1646  26.00  0.456  6.380  1.330  1
1623.2518  26.00  0.128  6.237  1.140  1
1623.5966  26.00  0.441  5.921  1.230  1
1623.8952  26.00  0.165  6.323  2.120  1
1624.0870  26.00  0.290  6.323  1.580  1
1624.1833  14.00  0.415  5.964  1.490  1
1624.5287  22.00  0.105  4.507  1.260  1
1624.6460  26.00  0.377  6.275  1.210  1
1625.2550  26.00  0.265  6.323  0.780  1
1625.8912  26.00  0.102  6.237  1.600  1
1628.4769  26.00  0.282  6.398  1.670  1
1629.2840  26.00  0.420  5.921  1.360  1
1631.0501  28.00  0.408  5.282  1.260  1
1631.6320  26.00  0.527  6.280  1.190  1
1632.4451  26.00  0.460  5.385  1.510  1
1633.0532  22.00  0.104  3.108  1.000  1
1633.1524  26.00  0.351  5.979  1.820  1
1633.3141  26.00  0.383  5.642  1.470  1
1636.3103  28.00  0.473  5.282  1.120  1
1636.4748  12.00  0.347  6.719  1.125  1
1636.4850  12.00  0.304  6.719  0.833  1
1636.4960  12.00  0.253  6.719  0.750  1
1637.3870  11.00  0.117  3.753  1.333  1
1637.7388  26.00  0.210  6.365  1.280  1
1638.0176  14.00  0.482  5.862  0.990  1
1638.1204  26.00  0.274  6.365  1.350  1
1638.1534  14.00  0.467  5.964  1.170  1
1638.1814  26.00  0.333  6.390  1.240  1
1638.2251  26.00  0.447  6.280  1.420  1
1638.4141  26.00  0.138  6.364  0.900  1
1638.8850  11.00  0.194  3.753  1.167  1
1639.4389  26.00  0.497  5.956  0.940  1
1639.6306  26.00  0.217  6.280  1.420  1
1639.8167  26.00  0.470  5.921  1.110  1
1639.8310  26.00  0.144  6.364  1.600  1
1640.4601  26.00  0.462  6.365  1.070  1
1640.7786  26.00  0.371  6.286  1.290  1
1640.7972  26.00  0.154  6.390  0.900  1
1641.2171  26.00  0.117  6.390  1.700  1
1641.2969  26.00  0.249  6.286  1.810  1
1641.2982  14.00  0.243  6.803  1.050  1
1643.4926  14.00  0.339  5.964  1.500  1
1643.6621  26.00  0.452  5.921  1.260  1
1644.0394  26.00  0.303  6.286  1.680  1
1644.4816  26.00  0.541  5.828  1.400  1
1644.6550  26.00  0.155  6.286  1.670  1
1646.6921  26.00  0.337  6.394  0.310  1
1647.1753  26.00  0.353  6.369  1.350  1
1647.4077  26.00  0.173  6.017  1.010  1
1647.6933  26.00  0.197  6.286  1.400  1
1648.0543  28.00  0.132  5.282  1.190  1
1648.1228  26.00  0.291  6.394  1.580  1
1648.6666  26.00  0.549  5.828  1.120  1
1648.9788  26.00  0.197  6.369  1.790  1
1648.9987  25.00  0.171  5.133  1.860  1
1649.4427  26.00  0.187  6.394  1.600  1
1649.4500  26.00  0.211  6.369  0.980  1
1649.4702  26.00  0.187  6.287  1.090  1
1650.4140  26.00  0.196  6.369  1.150  1
1650.6293  26.00  0.342  5.946  1.240  1
1651.7223  26.00  0.485  6.287  1.170  1
1651.8940  26.00  0.138  6.394  1.590  1
1651.9147  26.00  0.139  6.360  1.340  1
1652.1511  26.00  0.168  6.287  1.240  1
1652.2074  26.00  0.434  6.287  1.360  1
1652.4466  26.00  0.480  6.336  0.960  1
1653.1983  26.00  0.137  6.287  1.400  1
1653.6156  28.00  0.108  6.040  1.240  1
1653.7994  26.00  0.126  6.287  1.620  1
1653.9193  26.00  0.320  6.336  1.330  1
1654.0870  26.00  0.164  6.336  1.280  1
1654.1962  26.00  0.388  6.336  1.400  1
1654.2660  16.00  0.106  8.416  1.250  1
1654.4667  26.00  0.345  6.336  1.400  1
1655.0383  28.00  0.164  6.217  0.980  1
1655.1994  26.00  0.410  6.411  1.090  1
1655.6347  14.00  0.119  7.123  1.110  1
1655.9677  26.00  0.386  6.398  1.260  1
1656.1764  26.00  0.476  5.979  0.750  1
1657.5271  26.00  0.138  5.621  0.690  1
1657.8064  26.00  0.153  5.067  1.420  1
1658.1383  26.00  0.284  5.921  1.160  1
1658.4480  28.00  0.150  5.305  1.100  1
1658.6051  26.00  0.358  5.621  1.320  1
1658.7493  26.00  0.129  6.398  1.290  1
1658.9439  28.00  0.202  5.469  0.500  1
1661.2761  26.00  0.401  6.398  1.120  1
1661.9737  26.00  0.339  5.587  1.450  1
1662.1191  12.00  0.110  6.726  0.500  1
1662.4881  12.00  0.195  6.726  1.000  1
1662.9836  26.00  0.162  6.565  1.230  1
1663.2019  12.00  0.276  6.726  1.167  1
1663.2230  12.00  0.272  6.726  1.167  1
1663.2503  26.00  0.414  5.874  1.360  1
1663.5160  22.00  0.144  2.345  1.320  1
1664.5874  26.00  0.434  5.956  1.080  1
1664.7246  26.00  0.147  6.342  1.630  1
1664.8203  26.00  0.151  6.547  1.190  1
1665.2215  26.00  0.125  6.342  1.330  1
1665.2387  26.00  0.225  6.342  1.810  1
1665.2798  26.00  0.212  6.342  1.680  1
1665.3522  26.00  0.407  5.979  0.040  1
1665.9519  26.00  0.139  6.342  0.670  1
1665.9744  26.00  0.207  6.342  1.510  1
1665.9916  26.00  0.107  6.342  1.080  1
1666.1379  26.00  0.139  6.342  0.960  1
1666.5387  26.00  0.116  5.106  1.460  1
1666.5481  26.00  0.419  6.017  0.970  1
1666.6773  26.00  0.164  6.342  1.340  1
1667.3706  28.00  0.245  6.035  1.020  1
1667.9161  26.00  0.247  5.921  1.750  1
1668.0770  14.00  0.495  5.984  1.330  1
1669.3072  26.00  0.287  6.417  0.550  1
1671.8957  13.00  0.561  4.085  0.833  1
1671.9071  26.00  0.346  5.874  1.740  1
1672.0727  26.00  0.111  6.380  1.200  1
1672.1462  26.00  0.171  6.380  1.180  1
1672.4685  26.00  0.220  6.380  1.290  1
1672.5440  26.00  0.177  6.380  1.560  1
1672.8309  26.00  0.131  6.380  1.350  1
1673.9311  26.00  0.118  6.380  1.310  1
1674.7906  26.00  0.107  6.299  1.470  1
1675.0564  13.00  0.579  4.087  1.100  1
1675.3065  26.00  0.424  6.380  1.030  1
1675.7642  27.00  0.255  3.409  1.190  1
1676.3360  13.00  0.493  4.087  1.067  1
1678.3037  26.00  0.158  6.299  1.540  1
1678.6585  26.00  0.193  6.347  0.590  1
1680.3500  26.00  0.110  6.350  1.360  1
1680.7435  26.00  0.131  5.828  1.850  1
1681.1375  26.00  0.125  6.299  0.920  1
1681.5472  28.00  0.229  5.305  1.250  1
1681.7993  26.00  0.112  6.615  1.280  1
1681.8745  28.00  0.264  6.040  1.100  1
1682.0254  26.00  0.114  5.966  0.890  1
1682.2690  26.00  0.131  5.112  1.410  1
1682.8159  14.00  0.360  5.984  1.500  1
1683.3052  26.00  0.206  5.956  0.740  1
1683.7877  26.00  0.216  6.411  1.140  1
1684.3228  26.00  0.117  5.874  0.430  1
1684.3877  26.00  0.168  6.350  1.280  1
1685.3089  28.00  0.106  6.042  1.400  1
1685.3467  26.00  0.112  6.642  1.230  1
1685.6442  26.00  0.318  6.350  1.300  1
1685.7135  26.00  0.389  5.946  1.010  1
1685.8523  26.00  0.375  6.350  1.270  1
1686.3431  26.00  0.163  6.306  1.260  1
1686.5513  26.00  0.123  6.411  0.950  1
1686.7283  28.00  0.330  5.469  0.820  1
1686.9950  26.00  0.207  6.411  1.600  1
1687.4116  26.00  0.299  6.351  0.970  1
1687.8540  26.00  0.141  6.303  0.810  1
1688.3606  26.00  0.105  6.303  1.430  1
1688.9473  26.00  0.114  6.351  1.330  1
1689.0380   6.00  0.230  9.003  1.000  1
1689.2384  26.00  0.134  6.306  1.510  1
1689.8883  26.00  0.110  6.306  1.640  1
1690.0231  26.00  0.131  6.303  1.250  1
1692.7611  26.00  0.273  6.427  1.100  1
1692.8623  26.00  0.166  5.921  1.220  1
1693.0962  26.00  0.106  6.306  1.570  1
1694.5231  28.00  0.117  5.363  1.110  1
1694.7417  20.00  0.167  5.300  1.130  1
1696.9910  26.00  0.423  5.946  1.240  1
1699.2607  22.00  0.103  4.489  1.340  1
1699.6265  28.00  0.438  5.305  0.980  1
1699.6629  27.00  0.149  3.530  0.850  1
1700.1025  28.00  0.384  5.488  1.110  1
1700.5450  26.00  0.411  6.066  0.660  1
1700.7489  26.00  0.162  6.417  1.380  1
1700.8971  26.00  0.177  6.620  1.330  1
1701.1095  26.00  0.450  5.946  1.300  1
1701.2728  26.00  0.185  5.956  1.120  1
1701.8033  22.00  0.127  4.507  1.410  1
1702.5116  26.00  0.161  6.620  1.100  1
1703.3659  26.00  0.256  6.394  0.170  1
1703.7787  26.00  0.102  6.394  0.540  1
1704.0099  26.00  0.144  6.712  0.990  1
1704.7651  26.00  0.359  6.417  1.390  1
1705.2181  26.00  0.125  6.394  1.650  1
1705.2876  26.00  0.112  6.417  0.100  1
1706.4887  26.00  0.211  6.565  1.210  1
1706.5265  26.00  0.206  6.325  1.470  1
1707.2825  26.00  0.178  5.067  1.460  1
1709.4434  26.00  0.148  6.674  0.860  1
1710.8631  12.00  0.611  5.394  1.000  0
1711.0593  14.00  0.120  6.079  1.030  0
1713.0952  26.00  0.102  6.351  1.270  1
1713.7105  26.00  0.279  6.398  1.500  1
1715.1667  26.00  0.220  6.398  1.330  1
1716.1103  26.00  0.403  6.017  1.140  1
1716.6201  26.00  0.228  5.946  1.590  1
1720.0313  26.00  0.155  6.365  1.390  1
1720.4215  26.00  0.125  6.319  0.920  1
1720.4297  26.00  0.380  6.017  1.000  1
1720.4419  26.00  0.165  6.365  1.560  1
1720.5731  14.00  0.253  6.083  1.280  1
1720.8660  26.00  0.110  5.943  1.220  1
1722.1395  26.00  0.124  6.427  1.360  1
1722.5570  14.00  0.424  6.619  1.150  1
1723.2229  26.00  0.105  5.828  1.290  1
1723.4463   6.00  0.119  9.697  0.920  1
1725.7565  26.00  0.236  6.323  1.640  1
1726.3298  26.00  0.118  6.323  1.920  1
1727.4908   6.00  0.135  9.695  0.940  1
1727.7479  26.00  0.199  6.319  1.360  1
1727.8724  26.00  0.119  6.715  0.790  1
1728.2291  26.00  0.338  6.427  0.550  1
1729.3112  26.00  0.165  6.319  1.420  1
1729.3642  26.00  0.160  6.323  1.800  1
1730.1696  26.00  0.135  6.242  1.260  1
1730.2304  26.00  0.425  6.066  0.730  1
1730.6518  28.00  0.165  5.488  0.900  1
1731.0231  26.00  0.116  6.321  1.330  1
1731.0848  26.00  0.155  6.321  1.600  1
1732.3330   6.00  0.113  9.697  1.050  1
1732.4735  25.00  0.109  5.853  1.230  1
1732.5912  26.00  0.106  6.360  1.570  1
1732.7275  14.00  0.488  6.616  1.040  1
1733.8496   6.00  0.182  9.702  1.100  1
1735.7145  28.00  0.137  6.069  0.940  1
1736.4905  26.00  0.181  6.017  1.220  1
1737.1130  26.00  0.171  6.686  0.890  1
1737.6577  22.00  0.128  4.489  1.130  1
1738.3103  22.00  0.107  4.475  1.030  1
1738.8518  22.00  0.143  4.507  1.120  1
1739.9386  28.00  0.141  6.069  1.630  1
1740.0579  26.00  0.181  6.370  1.530  1
1740.7402  12.00  0.112  6.719  1.167  1
1740.7517  12.00  0.323  6.719  1.000  1
1740.7518  12.00  0.112  6.719  0.917  0
1740.7536  12.00  0.379  6.719  1.125  0
1740.7536  12.00  0.301  6.719  0.750  0
1740.9497  26.00  0.131  6.246  1.550  1
1741.8506  26.00  0.139  6.319  1.280  1
1742.0825  26.00  0.272  3.882  1.250  1
1743.3635  26.00  0.323  6.411  1.340  1
1744.8536   6.00  0.157  9.003  1.000  1
1745.2581  20.00  0.106  5.321  1.000  1
1745.3839  26.00  0.179  6.411  1.770  1
1745.5900   6.00  0.115  9.695  1.280  1
1745.7579  26.00  0.314  5.956  1.170  1
1745.9119  26.00  0.151  6.411  0.990  1
1746.1000  26.00  0.107  6.639  1.180  1
1746.6879  14.00  0.417  6.619  0.980  1
1746.7300  26.00  0.267  5.106  1.550  1
1746.7602  26.00  0.173  3.884  1.140  1
1746.9919  26.00  0.160  6.411  1.160  1
1747.8016  26.00  0.239  6.639  1.250  1
1748.0213  26.00  0.145  6.639  0.750  1
1748.0644  26.00  0.332  6.639  1.110  1
1748.8549  26.00  0.214  6.639  1.150  1
1749.6087  25.00  0.130  4.425  1.690  1
1749.9980  26.00  0.235  5.956  0.860  1
1750.0467  26.00  0.151  6.691  1.130  1
1750.5640   6.00  0.129  9.697  1.380  1
1751.6059  26.00  0.154  6.642  1.410  1
1752.4297  26.00  0.296  6.691  0.810  1
1753.4741  26.00  0.211  6.642  1.210  1
1753.8635  26.00  0.111  5.720  1.660  1
1754.9149  26.00  0.148  6.642  0.670  1
1755.8146  20.00  0.191  5.026  1.000  1
1757.0443  26.00  0.299  6.727  0.680  1
1757.5318  26.00  0.105  6.400  1.690  1
1757.7793  26.00  0.161  6.380  1.320  1
1758.1901  26.00  0.301  6.380  1.110  1
1758.4623  26.00  0.203  6.547  1.190  1
1760.6629  25.00  0.169  4.429  1.940  1
1760.8028  28.00  0.177  6.266  1.240  1
1760.8692  26.00  0.356  6.455  0.260  1
1761.1310  26.00  0.239  6.417  1.510  1
1761.4524  26.00  0.247  6.455  0.380  1
1761.6946  14.00  0.407  6.616  1.320  1
1761.7104  26.00  0.118  6.066  0.330  1
1762.3327  14.00  0.286  6.616  0.940  1
1762.5838  26.00  0.150  6.417  0.270  1
1763.7291   6.00  0.107  9.710  0.700  1
1764.0185  26.00  0.146  5.112  1.600  1
1768.3288  26.00  0.118  6.336  1.110  1
1768.3916  26.00  0.378  6.336  1.110  1
1768.9477  26.00  0.295  6.336  1.370  1
1769.4505  26.00  0.294  6.579  1.340  1
1769.5936  26.00  0.307  5.946  1.350  1
1769.9094  13.00  0.159  4.673  1.167  1
1770.6614  26.00  0.400  6.579  1.350  1
1770.8730  24.00  0.249  4.389  1.290  1
1770.9328  26.00  0.283  6.419  1.480  1
1771.2597  26.00  0.179  6.739  0.670  1
1771.7133  26.00  0.231  6.342  1.800  1
1772.1087  26.00  0.422  6.580  1.140  1
1772.1373  26.00  0.344  6.579  0.760  1
1772.3176  26.00  0.127  6.342  1.970  1
1772.8101  26.00  0.368  6.579  0.940  1
1774.4488  25.00  0.197  4.435  1.360  1
1774.9615  12.00  0.149  6.726  0.500  1
1775.3640  12.00  0.121  6.726  1.000  1
1775.3687  12.00  0.240  6.726  1.000  1
1775.5159  26.00  0.148  6.342  1.850  1
1776.0228  26.00  0.225  6.727  1.470  1
1776.2014  12.00  0.121  6.726  1.333  1
1776.2055  12.00  0.313  6.726  1.167  1
1776.8910   6.00  0.124  9.707  0.800  1
1777.1123  26.00  0.445  5.946  1.250  1
1777.4801  26.00  0.106  5.956  1.430  1
1780.9229  26.00  0.241  6.703  0.920  0
1781.0968  26.00  0.254  6.450  0.170  0
1781.2628  26.00  0.148  6.703  1.280  0
1781.3974   6.00  0.111  9.709  0.990  0
1782.2510  26.00  0.227  6.280  1.210  0
1782.6305   6.00  0.132  9.710  1.030  0
1782.7563  26.00  0.110  6.615  1.530  0
1783.1268  26.00  0.130  6.703  1.120  0
1783.5741  26.00  0.172  6.703  1.160  0
1783.6081  26.00  0.309  6.703  1.400  0
1783.6504  26.00  0.147  6.703  1.040  0
1783.9818  26.00  0.101  6.415  1.760  0
1784.3377  26.00  0.286  6.017  1.040  0
1784.4355  26.00  0.108  6.590  1.650  0
1784.5104  26.00  0.226  6.427  1.410  0
1784.5942  26.00  0.335  6.427  0.550  0
1784.5964  26.00  0.361  5.921  1.150  0
1785.0473  26.00  0.179  6.427  0.930  0
1786.0413  26.00  0.334  6.703  1.350  0
1786.1724  26.00  0.118  6.591  1.440  0
1786.4358  26.00  0.123  6.644  1.310  0
1787.1949  26.00  0.125  6.700  1.050  0
1789.3810  28.00  0.107  6.098  1.010  0
1789.5543  26.00  0.111  6.647  1.610  0
1790.3276  28.00  0.156  6.095  1.190  0
1791.7063  26.00  0.201  6.394  1.620  0
1791.9414  26.00  0.263  6.394  0.330  0
1792.6354  26.00  0.226  6.742  1.340  0
1793.0155  26.00  0.435  5.874  1.270  0
1793.2599  26.00  0.335  6.455  0.310  0
1793.7799  26.00  0.409  5.921  0.910  0
1794.3114  26.00  0.191  6.742  0.200  0
1795.1836  28.00  0.192  6.095  1.010  0
1795.6031  26.00  0.333  6.742  1.240  0
1795.6853  28.00  0.113  6.097  1.050  0
1796.3949  26.00  0.151  6.455  1.360  0
1796.8114  26.00  0.249  6.590  1.470  0
1797.0901  26.00  0.107  5.902  1.340  0
1797.1986  26.00  0.256  6.591  1.830  0
1797.5593  26.00  0.156  6.743  1.680  0
1798.2308  26.00  0.264  6.590  1.720  0
1798.5725  26.00  0.268  6.591  1.500  0
1798.6534  28.00  0.352  6.095  1.080  0
1798.8479  28.00  0.166  6.096  0.860  0
1799.3316  26.00  0.358  6.590  1.410  0
1799.7316  26.00  0.165  6.712  1.020  0
1799.9947  26.00  0.256  6.591  1.420  0
1800.0032  28.00  0.173  6.095  1.350  0
1800.1850  24.00  0.112  3.550  1.120  0
1800.2012  26.00  0.434  6.592  1.080  0
1800.5838  26.00  0.329  6.590  1.110  0
1801.0976  26.00  0.220  6.591  1.070  0
1801.3852  26.00  0.247  6.590  1.310  0
1801.4676  28.00  0.267  6.283  0.910  0
1802.0388  26.00  0.135  6.712  0.480  0
1802.6929  26.00  0.260  6.398  1.300  0
1802.7101  26.00  0.180  6.590  0.610  0
1802.9309  26.00  0.325  6.398  1.280  0
1803.7990  24.00  0.179  3.011  1.270  0
1803.8307  26.00  0.187  6.745  0.150  0
1804.0843  28.00  0.334  6.097  0.950  0
1804.3210  28.00  0.121  6.096  0.880  0
1805.0155  26.00  0.219  6.565  1.200  0
1805.1358  26.00  0.224  6.592  1.310  0
1805.2355  26.00  0.191  6.367  1.280  0
1805.3721  28.00  0.161  6.287  1.560  0
1806.6697  26.00  0.316  6.592  1.260  0
1807.3690  26.00  0.336  6.592  1.290  0
1808.1715  26.00  0.124  6.675  1.410  0
1808.2369  26.00  0.142  6.664  1.100  0
1808.4950  26.00  0.347  6.351  1.120  0
1808.7643  26.00  0.117  6.474  1.850  0
1809.0330  26.00  0.160  6.663  1.240  0
1809.0765  26.00  0.217  6.351  1.370  0
1809.3145  26.00  0.337  6.663  1.230  0
1809.6293  26.00  0.412  6.663  1.080  0
1809.8478  26.00  0.217  6.664  1.280  0
1810.2174  26.00  0.126  6.453  1.590  0
1810.2279  26.00  0.188  6.664  1.500  0
1810.2647  26.00  0.108  6.351  1.410  0
1810.2955  28.00  0.153  6.288  1.010  0
1810.4932  26.00  0.175  6.580  1.240  0
1810.8198  26.00  0.292  6.367  1.280  0
1810.8410  24.00  0.105  3.013  1.610  0
1811.4215  28.00  0.251  6.287  1.300  0
1811.6759  26.00  0.189  6.664  1.250  0
1811.7245  26.00  0.145  6.715  1.140  0
1811.7636  26.00  0.292  6.664  1.150  0
1812.8077  26.00  0.298  6.664  0.740  0
1813.7368  26.00  0.330  6.715  1.150  0
1814.1156  26.00  0.190  6.715  1.110  0
1814.2785  26.00  0.159  6.715  0.760  0
1815.2810  26.00  0.276  6.582  1.320  0
1815.5672  26.00  0.352  6.582  1.380  0
1816.9127  26.00  0.143  6.667  1.110  0
1817.9637  26.00  0.133  6.682  1.320  0
1818.7552  26.00  0.287  6.667  1.240  0
1818.9931  26.00  0.387  6.667  0.810  0
1819.0398  26.00  0.138  6.667  1.170  0
1819.8958  26.00  0.213  6.667  1.140  0
1822.1100   6.00  0.138  9.736  1.050  0
1822.4184  26.00  0.390  6.017  1.330  0
1822.7872  28.00  0.200  6.293  1.120  0
1822.9468  26.00  0.142  6.479  2.260  0
1823.7830  24.00  0.151  4.402  1.240  0
1827.4493  28.00  0.154  6.109  0.660  0
1827.6224  28.00  0.212  6.109  0.850  0
1827.6688  26.00  0.383  6.756  0.960  0
1828.2788  26.00  0.130  6.409  1.620  0
1828.4504  14.00  0.394  6.083  1.480  0
1830.0228  24.00  0.134  5.237  2.170  0
1830.2114  24.00  0.124  5.237  2.000  0
1831.5553  26.00  0.103  6.440  1.680  0
1832.0017  26.00  0.107  5.742  1.160  0
1832.0568   6.00  0.101  9.736  1.180  0
1832.1998  28.00  0.190  6.109  1.270  0
1832.2351  26.00  0.143  6.756  0.600  0
1832.6116  26.00  0.108  5.902  1.340  0
1834.1057  24.00  0.190  5.239  1.250  0
1834.6122  26.00  0.138  6.411  1.140  0
1834.8880  24.00  0.160  5.239  1.840  0
1835.2434  26.00  0.344  6.605  1.280  0
1835.8370  12.00  0.131  6.588  1.000  0
1835.9569  26.00  0.230  6.674  1.420  0
1836.0594  26.00  0.403  6.725  1.000  0
1836.1029  26.00  0.115  6.411  1.660  0
1836.6143  26.00  0.449  6.605  1.070  0
1837.4376  12.00  0.188  6.588  0.833  0
1837.4530  12.00  0.407  6.588  1.000  0
1837.6176  26.00  0.166  6.674  1.180  0
1837.7656  12.00  0.114  6.726  0.750  0
1837.9814  26.00  0.327  6.615  1.010  0
1838.0095  26.00  0.153  6.674  1.220  0
1838.9030  26.00  0.135  6.400  1.160  0
1839.1195  26.00  0.106  6.725  1.020  0
1839.2461  26.00  0.422  4.913  1.460  0
1839.4623  24.00  0.273  5.241  1.300  0
1839.5927  26.00  0.198  6.674  0.650  0
1839.6766  26.00  0.165  6.725  0.950  0
1840.0508  28.00  0.165  6.116  1.140  0
1840.6873  26.00  0.431  6.675  1.090  0
1841.1463  26.00  0.120  6.727  0.980  0
1841.2057  24.00  0.132  5.241  1.700  0
1841.4414  26.00  0.427  5.874  0.830  0
1841.4512  26.00  0.273  6.066  1.700  0
1841.6809  28.00  0.223  6.114  1.140  0
1841.8566  28.00  0.201  6.114  1.330  0
1841.8991  26.00  0.319  5.946  1.340  0
1841.9822  28.00  0.152  6.114  0.980  0
1842.2578  14.00  0.426  6.616  1.370  0
1842.9438  14.00  0.266  6.616  0.960  0
1843.3914  26.00  0.303  6.675  1.210  0
1843.4182  26.00  0.180  6.606  1.310  0
1844.1772  26.00  0.379  6.606  1.130  0
1844.8058  26.00  0.359  6.606  1.190  0
1844.9028  28.00  0.244  6.302  1.060  0
1844.9059  26.00  0.363  6.606  1.320  0
1846.1651  28.00  0.172  6.303  1.210  0
1846.4020  26.00  0.186  6.727  1.400  0
1846.5390  11.00  0.523  3.617  1.071  0
1846.5390  11.00  0.355  3.617  1.029  0
1846.5480  11.00  0.512  3.617  0.900  0
1846.7448  28.00  0.220  6.116  0.940  0
1847.1976  14.00  0.283  6.616  1.050  0
1847.4301  26.00  0.232  6.450  0.310  0
1847.9474  28.00  0.303  6.117  1.090  0
1847.9680  24.00  0.103  4.410  1.630  0
1848.0742  28.00  0.114  6.117  1.140  0
1848.2512  28.00  0.129  6.117  1.180  0
1849.0288  26.00  0.179  6.450  1.470  0
1849.0494  28.00  0.101  6.302  1.130  0
1849.1444  26.00  0.130  6.426  0.750  0
1849.6118  26.00  0.391  6.764  0.990  0
1849.6734  26.00  0.167  6.728  1.150  0
1850.7887  26.00  0.251  6.680  1.690  0
1851.0255  28.00  0.137  6.116  0.950  0
1851.7310  26.00  0.405  6.680  1.110  0
1852.0412  26.00  0.258  6.419  1.460  0
1852.2903  26.00  0.189  6.728  1.150  0
1852.3857  26.00  0.206  3.017  0.980  0
1852.5213  26.00  0.239  5.946  1.630  0
1852.5700  12.00  0.106  6.726  1.250  0
1852.5903  26.00  0.117  6.474  1.440  0
1854.2289  26.00  0.181  6.764  0.940  0
1854.2946  26.00  0.116  6.426  1.350  0
1854.5168  26.00  0.250  6.680  1.100  0
1855.4293  14.00  0.373  6.619  0.640  0
1855.6862  26.00  0.181  6.453  1.420  0
1857.2092  14.00  0.218  7.139  1.100  0
1857.5923  26.00  0.330  6.367  1.500  0
1858.0832  26.00  0.297  6.370  1.430  0
1858.4767  24.00  0.442  4.574  1.380  0
1858.7949  26.00  0.110  6.409  1.600  0
1859.4767  14.00  0.162  7.040  0.850  0
1860.9900  26.00  0.181  6.455  0.500  0
1861.1089  14.00  0.154  7.064  0.930  0
1861.1106  28.00  0.137  6.116  1.280  0
1862.4191  26.00  0.129  5.946  1.200  0
1863.7638  26.00  0.361  4.956  1.510  0
1863.8941  26.00  0.102  6.455  1.410  0
1864.9376  26.00  0.112  6.066  1.990  0
1865.3976  14.00  0.210  7.069  0.990  0
1865.5038  26.00  0.161  6.675  1.280  0
1865.7670  24.00  0.422  4.574  1.960  0
1865.8000  26.00  0.227  6.474  1.700  0
1866.2793  26.00  0.283  6.367  1.430  0
1866.9516  26.00  0.219  6.647  1.330  0
1867.5738  26.00  0.422  6.615  1.040  0
1868.1873  26.00  0.169  6.453  1.920  0
1868.7562  26.00  0.268  6.615  1.190  0
1869.5044  26.00  0.213  6.615  1.220  0
1870.4113  26.00  0.113  6.686  1.170  0
1871.3553  24.00  0.390  4.574  1.670  0
1872.2872  14.00  0.469  6.099  1.500  0
1872.4600  25.00  0.124  5.875  1.280  0
1873.5328  14.00  0.250  7.092  1.130  0
1875.7956  26.00  0.221  6.620  1.350  0
1877.2922  26.00  0.247  6.620  1.380  0
1877.3511  26.00  0.448  6.325  1.170  0
1878.8418  26.00  0.258  6.620  1.300  0
1879.0982  26.00  0.101  6.017  1.300  0
1880.0434  26.00  0.109  6.620  1.430  0
1881.8012  26.00  0.222  6.427  1.490  0
1881.8518  26.00  0.126  6.427  1.590  0
1882.0605  26.00  0.279  6.427  0.710  0
1882.2855  26.00  0.290  6.620  0.910  0
1882.7488  26.00  0.124  6.427  1.100  0
1882.8751  26.00  0.121  6.691  0.800  0
1884.6218  26.00  0.209  6.691  1.210  0
1885.1758  26.00  0.131  6.380  1.430  0
1885.6644  26.00  0.545  4.076  1.170  0
1886.3304  26.00  0.129  6.742  0.990  0
1886.6042  26.00  0.195  6.691  1.470  0
1886.6992  26.00  0.119  6.691  1.070  0
1887.3931  14.00  0.147  7.113  1.070  0
1887.8315  26.00  0.205  6.691  0.970  0
1888.4134  26.00  0.280  6.453  1.310  0
1888.4905  26.00  0.304  6.419  1.340  0
1888.6785  26.00  0.134  6.380  1.390  0
1888.7520  26.00  0.218  6.380  1.360  0
1888.9387  26.00  0.214  6.461  1.020  0
1889.2403  26.00  0.108  6.370  1.310  0
1889.7617  12.00  0.489  5.932  0.750  0
1890.1158  26.00  0.145  3.929  1.000  0
1890.1522  26.00  0.137  6.479  0.800  0
1890.5486  26.00  0.356  6.441  0.640  0
1891.4435  14.00  0.401  6.079  1.470  0
1891.6271  14.00  0.114  5.964  1.260  0
1892.1753  12.00  0.444  5.933  1.250  0
1892.5496  20.00  0.358  4.735  0.750  0
1892.9255  16.00  0.208  8.046  1.170  0
1893.4633  26.00  0.137  3.274  1.390  0
1894.2059  26.00  0.338  4.988  1.490  0
1894.4159  16.00  0.169  8.045  1.000  0
1894.9678  16.00  0.105  8.045  1.000  0
1895.5200  12.00  0.344  6.779  1.100  0
1895.5200  12.00  0.321  6.779  1.000  0
1895.5610  26.00  0.102  6.440  0.580  0
1895.7156  16.00  0.104  8.046  1.330  0
1895.8382  16.00  0.120  8.046  0.500  0
1897.0149  20.00  0.392  4.739  1.000  0
1898.7006  26.00  0.518  4.143  0.980  0
1900.4418  26.00  0.264  6.333  1.550  0
1900.6517  14.00  0.126  5.964  0.840  0
1902.1735  20.00  0.150  4.739  0.920  0
1903.0758  14.00  0.393  6.083  1.500  0
1903.1961  26.00  0.127  6.017  1.100  0
1904.2459  26.00  0.149  6.426  0.890  0
1904.6178  20.00  0.418  4.744  1.130  0
1909.6490  26.00  0.308  5.874  0.440  0
1911.3668  26.00  0.498  4.186  0.770  0
1911.5258  20.00  0.146  4.744  1.210  0
1912.1810  26.00  0.371  6.426  1.000  0
1912.4480  26.00  0.199  6.619  1.210  0
1914.1412  26.00  0.106  6.474  1.180  0
1915.7000  14.00  0.152  7.123  1.120  0
1916.0889  26.00  0.136  6.017  1.490  0
1916.8905  26.00  0.214  6.440  1.390  0
1917.6123  26.00  0.165  5.720  1.230  0
1919.4120  12.00  0.392  6.719  1.125  0
1919.4120  12.00  0.155  6.719  1.167  0
1919.4259  12.00  0.346  6.719  1.000  0
1919.4260  12.00  0.156  6.719  0.917  0
1919.4480  12.00  0.333  6.719  0.750  0
1920.2377  26.00  0.162  6.066  1.270  0
1921.2821  26.00  0.267  6.619  1.410  0
1921.6026  26.00  0.162  6.619  1.320  0
1922.8382  26.00  0.112  6.703  1.170  0
1923.1563  26.00  0.145  6.703  1.430  0
1923.2577  26.00  0.105  5.921  1.160  0
1925.4698  20.00  0.141  3.910  1.500  0
1925.8467  26.00  0.208  6.367  1.540  0
1925.9253  26.00  0.219  6.325  1.350  0
1926.0455  26.00  0.265  5.010  1.500  0
1926.5566  26.00  0.377  6.400  1.110  0
1927.9540  11.00  0.134  4.284  1.071  0
1927.9670  11.00  0.103  4.284  0.900  0
1928.3299  14.00  0.394  6.083  1.530  0
1930.9222  20.00  0.618  1.879  0.500  0
1932.5093  26.00  0.144  6.639  1.020  0
1933.5147  26.00  0.226  3.943  1.080  0
1933.6515  26.00  0.129  6.653  1.270  0
1934.0159  26.00  0.404  6.370  1.210  0
1935.4248  26.00  0.186  6.639  1.320  0
1936.8737  26.00  0.150  6.639  1.470  0
1937.8010  26.00  0.219  6.639  1.220  0
1938.5939  14.00  0.423  6.079  0.510  0
1939.3343  26.00  0.269  6.639  0.970  0
1939.3998  26.00  0.275  6.368  1.330  0
1939.5085  26.00  0.158  6.642  1.380  0
1940.2889  26.00  0.295  6.367  1.380  0
1940.8757  26.00  0.127  6.369  1.810  0
1942.5260  12.00  0.330  6.431  1.250  0
1943.0230  12.00  0.278  6.431  1.750  0
1943.2650  12.00  0.156  6.431  2.000  0
1943.2971  14.00  0.456  6.083  0.980  0
1945.2982  20.00  0.636  1.886  0.990  0
1946.3612  26.00  0.133  6.450  2.430  0
1946.3942  26.00  0.180  6.440  0.320  0
1946.7641  26.00  0.199  6.450  1.860  0
1946.9787  26.00  0.309  6.370  1.370  0
1947.0398  26.00  0.128  6.450  0.750  0
1948.0163  26.00  0.101  6.441  0.200  0
1948.4347  26.00  0.368  6.333  1.460  0
1949.0843  26.00  0.212  6.017  1.160  0
1949.3366  14.00  0.387  6.125  1.270  0
1950.4635  26.00  0.118  6.440  1.350  0
1950.5739  20.00  0.606  1.886  1.000  0
1950.6104  14.00  0.387  6.099  1.510  0
1950.7630  26.00  0.218  6.426  1.130  0
1950.8152  14.00  0.408  6.083  1.020  0
1950.9309  26.00  0.253  6.426  1.110  0
1953.3274  26.00  0.267  6.368  1.300  0
1953.4061  26.00  0.121  6.419  1.560  0
1954.0204  26.00  0.225  6.409  0.600  0
1954.8247  26.00  0.121  6.369  0.670  0
1957.2495  26.00  0.289  6.400  1.300  0
1958.0580  26.00  0.106  6.761  0.970  0
1958.2690  26.00  0.250  6.401  1.550  0
1958.4696  26.00  0.126  5.010  1.510  0
1959.2737  26.00  0.318  4.988  1.500  0
1959.7369  26.00  0.138  6.400  0.850  0
1961.3155  26.00  0.350  6.325  1.390  0
1961.4448  26.00  0.285  6.401  1.120  0
1963.5309  26.00  0.447  4.956  1.510  0
1963.9429  26.00  0.208  6.401  1.610  0
1971.8490  12.00  0.195  6.726  0.500  0
1972.1964   6.00  0.105  9.003  1.000  0
1972.2509  14.00  0.470  6.099  1.160  0
1972.3510  12.00  0.164  6.726  1.000  0
1972.3540  12.00  0.282  6.726  1.000  0
1973.3860  12.00  0.163  6.726  1.333  0
1973.3870  12.00  0.339  6.726  1.167  0
1977.6771  20.00  0.645  1.899  1.150  0
1977.8321  20.00  0.160  4.554  1.010  0
1978.0637  26.00  0.214  6.400  1.200  0
1979.1865  26.00  0.454  4.913  1.500  0
1981.5017  20.00  0.461  4.624  1.000  1
1984.6648  26.00  0.366  6.333  1.190  1
1985.3092  20.00  0.517  3.910  1.250  1
1986.2191  20.00  0.598  1.899  1.330  1
1988.1618  26.00  0.208  6.409  1.530  1
1991.7195  20.00  0.511  1.899  2.000  0
1992.3343  26.00  0.259  5.020  1.520  0
1992.8884  14.00  0.396  6.099  1.330  0
1993.3727  20.00  0.497  3.910  1.750  0
1994.9459  26.00  0.163  5.357  0.490  0
1996.1832  20.00  0.456  3.910  2.000  0
1996.4877  26.00  0.147  6.440  1.520  0
1997.1343  14.00  0.215  6.718  1.390  0
1997.3785  14.00  0.240  6.718  0.510  0
1997.5413  14.00  0.110  7.166  1.050  0
1998.1493  26.00  0.111  3.960  0.740  0
2000.7959  14.00  0.206  6.099  1.990  0
2002.3820  26.00  0.407  5.946  1.250  0
2004.1527  26.00  0.132  6.780  1.320  0
2005.0092  26.00  0.146  6.419  1.560  0
2005.0756  14.00  0.229  6.721  1.130  0
2005.3217  14.00  0.147  6.721  1.500  0
2007.1641  26.00  0.119  6.647  1.290  0
2007.2253  26.00  0.149  6.780  1.260  0
2009.2048  26.00  0.299  6.368  1.430  0
2010.7890  26.00  0.153  6.369  1.270  0
2017.3403  26.00  0.115  6.370  1.230  0
2021.0170  24.00  0.203  2.708  1.630  0
2022.7972  26.00  0.142  6.427  1.580  0
2023.7292  26.00  0.158  6.427  1.650  0
2023.8910  24.00  0.125  2.709  1.490  0
2024.0100  24.00  0.107  2.710  1.500  0
2026.4094  14.00  0.111  6.727  1.560  0
2028.1085  26.00  0.320  5.010  1.510  0
2028.3315  26.00  0.203  6.427  1.590  0
2028.8609  26.00  0.140  6.427  1.240  0
2029.6439  14.00  0.306  6.718  1.220  0
2030.1260  24.00  0.114  5.089  1.280  0
2030.1809  14.00  0.171  6.619  0.990  0
2032.9184  26.00  0.171  6.427  1.050  0
2034.3854  14.00  0.190  6.125  1.720  0
2034.9713  26.00  0.311  4.186  0.910  0
2037.8464  14.00  0.289  6.721  1.070  0
2038.2340  14.00  0.211  6.721  1.370  0
2040.5983  26.00  0.170  5.348  0.820  0
2044.4693  14.00  0.134  7.302  1.030  0
2046.7614  20.00  0.270  4.443  0.950  0
2049.4039  20.00  0.102  5.228  0.830  0
2049.5484  20.00  0.125  5.229  1.000  0
2049.7451  20.00  0.152  5.229  1.100  0
2051.0041  14.00  0.141  6.727  0.560  0
2052.1581  12.00  0.305  6.981  1.000  0
2060.2832  14.00  0.340  6.727  1.300  0
2061.5216  26.00  0.178  6.401  1.500  0
2062.9259  26.00  0.143  6.368  1.460  0
2062.9684  26.00  0.415  5.946  0.920  0
2062.9752  26.00  0.115  6.144  1.790  0
2063.1796  12.00  0.483  6.118  1.250  0
2067.7341  26.00  0.379  6.066  1.500  0
2069.8313  26.00  0.374  4.988  1.510  0
2069.8721  14.00  0.322  6.721  0.600  0
2071.6942  26.00  0.350  6.017  1.080  0
2072.3134  26.00  0.253  6.409  1.010  0
2073.2258  26.00  0.210  6.835  0.900  0
2073.6851  26.00  0.305  6.066  0.690  0
2079.9053  26.00  0.192  3.984  0.670  0
2079.9685  26.00  0.153  6.175  1.500  0
2080.4156  14.00  0.261  6.125  0.770  1
2083.3425  12.00  0.287  6.981  1.000  1
2084.0804  26.00  0.399  6.017  1.110  1
2086.7065  12.00  0.150  6.726  0.750  1
2088.2233  26.00  0.122  6.409  1.740  1
2089.0345  14.00  0.149  6.125  1.240  1
2091.7151  14.00  0.393  6.727  0.830  1
2092.6149  14.00  0.124  6.727  1.110  1
2093.3953  26.00  0.101  6.440  1.770  1
2094.8086  26.00  0.109  6.119  1.480  1
2096.2410  20.00  0.176  4.681  1.170  1
2097.2529  20.00  0.112  4.681  1.000  1
2099.1037  26.00  0.203  4.143  1.200  1
2104.7143  14.00  0.130  7.319  1.080  1
2105.6253  14.00  0.145  7.320  1.190  1
2106.0251  12.00  0.102  6.779  0.917  1
2106.0251  12.00  0.102  6.779  1.150  1
2106.0711  12.00  0.327  6.779  0.833  1
2106.0891  12.00  0.346  6.779  1.000  1
2106.1091  12.00  0.363  6.779  1.100  1
2109.3029  13.00  0.436  4.085  1.333  1
2109.5401  26.00  0.141  6.200  1.470  1
2112.3862  26.00  0.117  6.066  1.760  1
2112.4482  26.00  0.185  5.334  0.710  1
2113.9759  14.00  0.137  7.287  1.220  1
2114.4154  14.00  0.115  7.287  1.060  1
2116.2035  26.00  0.165  6.455  1.570  1
2116.3755  13.00  0.460  4.087  1.167  1
2117.8155  26.00  0.180  3.017  1.830  1
2119.5298  14.00  0.138  7.289  0.790  1
2119.5581  26.00  0.115  5.796  1.290  1
2120.4829  14.00  0.155  7.289  0.910  1
2121.3729  12.00  0.106  6.726  1.750  1
2121.6309  26.00  0.110  6.455  1.780  1
2122.5616  12.00  0.151  6.726  1.250  1
2123.3658  12.00  0.273  6.981  1.000  1
2123.8466  26.00  0.296  4.956  1.500  1
2124.6817  20.00  0.155  5.250  1.000  1
2128.4348  26.00  0.106  3.071  2.020  1
2135.4198  14.00  0.408  6.223  0.990  1
2136.8352  14.00  0.118  7.329  0.910  1
2142.5785  14.00  0.164  7.331  1.080  1
2142.7750  26.00  0.119  6.615  1.160  1
2144.1924  14.00  0.150  7.331  1.010  1
2145.2214  11.00  0.168  4.284  1.071  1
2145.2374  11.00  0.133  4.284  0.900  1
2145.8863  12.00  0.206  6.516  1.000  1
2148.9572  26.00  0.303  5.946  0.520  1
2152.3114  14.00  0.124  7.330  0.980  1
2152.3378  20.00  0.132  5.447  1.000  1
2157.2269  26.00  0.113  6.703  1.290  1
2161.3277  14.00  0.135  7.092  1.170  1
2170.1740  14.00  0.103  7.339  1.000  1
2173.5457  26.00  0.144  6.175  1.660  1
2175.6947  26.00  0.107  6.218  2.970  1
2176.1020  12.00  0.259  6.981  1.000  1
2177.9660  14.00  0.362  6.718  0.880  1
2178.2944  22.00  0.418  1.749  1.290  1
2181.9671  14.00  0.330  6.721  0.650  1
2181.9990  26.00  0.157  6.780  0.980  1
2182.0661  26.00  0.189  6.780  1.340  1
2183.2980  26.00  0.159  6.780  1.100  1
2185.1381  26.00  0.108  3.642  1.160  1
2187.4139  14.00  0.205  6.721  0.960  1
2187.9324  14.00  0.359  6.721  1.040  1
2188.2987  26.00  0.170  6.866  0.760  1
2189.4983  26.00  0.234  6.144  1.650  1
2189.7391  22.00  0.348  1.739  1.160  1
2198.8799  26.00  0.202  6.835  0.870  1
2200.4510  22.00  0.209  1.734  1.000  1
2205.2140  21.00  0.117  1.448  1.140  1
2205.6400  11.00  0.466  3.191  1.167  1
2206.2710  14.00  0.370  6.727  0.880  1
2207.2550  14.00  0.136  6.727  1.120  1
2208.3662  11.00  0.441  3.191  1.333  1
2213.9693  26.00  0.169  6.409  1.130  1
2217.8155  26.00  0.154  5.793  1.460  1
2221.1238  22.00  0.249  1.734  2.080  1
2223.2858  22.00  0.277  1.739  1.660  1
2225.7107  26.00  0.384  5.064  1.010  1
2226.0179  26.00  0.348  5.086  0.740  1
2227.4022  22.00  0.236  1.749  1.580  1
2231.0617  22.00  0.164  1.734  2.500  1
2237.5177  26.00  0.136  5.844  1.350  1
2238.0797  26.00  0.414  5.033  1.060  1
2238.5102  26.00  0.202  5.320  0.950  1
2239.2878  26.00  0.282  5.099  -0.010  1
2241.9976  26.00  0.254  6.218  1.520  1
2247.3263  26.00  0.370  6.119  1.590  1
2249.3671  26.00  0.180  5.829  1.370  1
2253.7534  14.00  0.279  6.616  1.000  1
2255.2573  16.00  0.109  7.868  1.090  1
2260.7944  20.00  0.398  4.680  0.750  1
2260.9238  26.00  0.178  6.017  1.350  1
2261.9838  26.00  0.424  4.991  1.170  1
2262.4962  20.00  0.414  4.681  1.000  1
2262.6723  20.00  0.282  4.681  0.920  1
2265.1177  20.00  0.428  4.681  1.130  1
2265.3579  20.00  0.282  4.681  1.210  1
2266.5757  14.00  0.200  6.619  1.020  1
2270.7738  16.00  0.166  7.870  1.250  1
2274.0416  26.00  0.282  6.200  1.160  1
2277.0364  26.00  0.142  6.804  1.240  1
2279.4667  26.00  0.122  6.804  0.610  1
2280.7745  12.00  0.378  6.719  1.125  1
2280.7775  12.00  0.204  6.719  1.208  1
2280.7775  12.00  0.203  6.719  0.917  1
2280.8025  12.00  0.360  6.719  1.000  1
2280.8033  12.00  0.162  6.719  0.917  1
2280.8265  12.00  0.338  6.719  0.750  1
2281.2586  26.00  0.183  5.793  1.470  1
2282.1064  20.00  0.253  4.624  1.000  1
2283.2364  26.00  0.272  5.099  0.760  1
2284.5940  26.00  0.229  5.828  1.550  1
2287.2540  26.00  0.146  6.200  -0.290  1
2293.4572  14.00  0.174  6.079  0.990  0
2296.3330  22.00  0.267  1.887  1.110  0
2305.3636  20.00  0.212  5.026  1.000  0
2314.1613  14.00  0.111  6.803  1.130  0
2314.4581  26.00  0.272  6.175  1.510  0
2316.4225  26.00  0.299  5.086  1.250  0
2317.3723  26.00  0.118  5.874  0.880  0
2322.6696  26.00  0.101  6.866  0.530  0
2328.6560  26.00  0.134  6.866  1.490  0
2330.8477  26.00  0.298  4.076  1.530  0
2332.8094  12.00  0.106  6.719  1.167  0
2334.8378  11.00  0.386  3.753  0.833  0
2337.8960  11.00  0.278  3.753  1.067  0
2337.9140  11.00  0.409  3.753  1.100  0
2344.1482  22.00  0.234  1.879  1.050  0
2351.0324  26.00  0.163  5.946  1.240  0
2356.6660  26.00  0.333  6.144  1.450  0
2357.2239  26.00  0.175  5.874  1.390  0
2357.9244  14.00  0.137  6.803  0.960  0
2368.3741  26.00  0.242  5.305  1.140  0
2369.4850  26.00  0.300  5.064  1.380  0
2371.9035  22.00  0.190  1.873  0.810  0
2373.6611  12.00  0.309  7.063  1.125  0
2373.6780  12.00  0.258  7.063  1.000  0
2373.6910  12.00  0.256  7.063  0.750  0
2383.6675  12.00  0.236  6.726  0.500  0
2384.3493  12.00  0.210  6.726  1.000  0
2384.3972  12.00  0.211  6.726  1.000  0
2384.4133  12.00  0.298  6.726  1.000  0
2384.9387  26.00  0.179  6.268  0.810  0
2385.8489  12.00  0.208  6.726  1.333  0
2385.9114  12.00  0.174  6.726  1.333  0
2385.9219  12.00  0.335  6.726  1.167  0
2392.4445  26.00  0.230  6.253  1.100  0
2395.3462  14.00  0.207  6.099  0.510  0
2408.3689  26.00  0.190  6.017  1.070  0
2415.4815  12.00  0.295  7.063  1.125  0
2415.4990  12.00  0.242  7.063  1.000  0
2415.5124  12.00  0.239  7.063  0.750  0
2416.3402  26.00  0.157  6.835  1.020  0
2419.7611  25.00  0.102  5.707  1.400  0
2423.9166  14.00  0.138  6.223  0.770  0
2426.4269  26.00  0.218  6.277  2.280  0
2428.1808  22.00  0.257  2.267  1.050  0
2433.3475  26.00  0.311  4.143  1.440  0
2434.7716  14.00  0.177  5.616  0.770  0
2437.3811  26.00  0.122  5.319  0.550  0
2437.4352  26.00  0.300  6.237  1.550  0
2445.5675  26.00  0.132  6.281  3.000  0
2448.7669  26.00  0.261  5.033  1.420  0
2450.0874  12.00  0.186  6.588  1.000  0
2450.1965  12.00  0.135  7.069  0.500  0
2450.5845  12.00  0.170  7.069  1.000  0
2450.5845  12.00  0.112  7.069  1.000  0
2451.3662  12.00  0.254  7.069  1.167  0
2452.6207  26.00  0.186  6.237  2.640  0
2453.2641  14.00  0.156  7.302  1.030  0
2454.7942  26.00  0.333  6.206  1.220  0
2455.2005  26.00  0.149  5.921  1.430  0
2455.6552  26.00  0.297  5.828  1.290  0
2456.5585  12.00  0.376  6.588  1.167  0
2456.5821  12.00  0.249  6.588  0.833  0
2456.6296  12.00  0.343  6.588  1.000  0
2457.4232  14.00  0.197  6.223  1.660  0
2461.8875  20.00  0.172  5.228  0.830  0
2462.0960  20.00  0.199  5.229  1.000  0
2462.3489  26.00  0.121  6.523  0.590  0
2462.3798  20.00  0.225  5.229  1.100  0
2464.8422  26.00  0.241  6.268  1.770  0
2469.4488  12.00  0.283  7.063  1.125  0
2469.4671  12.00  0.227  7.063  1.000  0
2469.4811  12.00  0.228  7.063  0.750  0
2472.8731  12.00  0.109  7.069  0.750  0
2472.9092  26.00  0.360  6.169  1.290  0
2479.8593  12.00  0.385  5.931  2.000  0
2480.2738  14.00  0.192  7.139  1.100  0
2481.8918  12.00  0.421  5.932  1.750  0
2485.8997  26.00  0.198  6.780  1.160  0
2486.0546  12.00  0.437  5.933  1.250  0
2488.4237  26.00  0.233  6.780  1.200  0
2492.3680  26.00  0.273  5.828  1.410  0
2494.2292  26.00  0.202  5.946  1.260  0
2497.1318  26.00  0.186  5.874  1.340  0
