2132
950.0230  11.00  0.018  3.753  99.000  1
950.8604  22.00  0.042  3.583  1.400  1
951.1014  22.00  0.030  3.569  1.350  1
951.3315  22.00  0.020  3.559  1.240  1
951.4070  22.00  0.011  3.546  -0.000  1
951.4351  22.00  0.013  3.551  1.000  1
952.2646  28.00  0.014  4.167  1.210  1
953.4218  20.00  0.013  4.531  0.500  1
953.7200  20.00  0.028  4.532  1.000  1
953.7493  20.00  0.042  4.441  0.990  1
953.9111  22.00  0.013  2.160  1.080  1
954.8696  22.00  0.800  0.836  1.560  1
954.9922  40.00  0.090  0.651  0.880  1
955.0987  20.00  0.049  4.535  1.170  1
955.6625  22.00  0.029  2.160  2.060  1
955.9126  26.00  0.100  3.252  1.110  1
957.1018  24.00  0.025  2.544  2.120  1
957.2533  26.00  0.025  4.991  1.380  1
957.4207  24.00  0.282  2.544  1.090  1
957.4438  24.00  0.142  2.544  1.090  1
957.6707  24.00  0.509  2.545  0.960  1
957.6938  24.00  0.343  2.545  0.960  1
957.7281  22.00  0.016  1.443  1.160  1
959.1917  56.00  0.172  1.567  99.000  1
959.8293  11.00  0.013  3.753  99.000  1
959.8320  19.00  0.345  2.670  1.070  1
959.8320  19.00  0.034  2.670  1.030  1
960.0447  19.00  0.284  2.670  0.900  1
960.2224  22.00  0.819  0.826  1.480  1
960.3447  11.00  0.023  3.753  99.000  1
960.6914  20.00  0.055  4.451  1.110  1
961.1502  56.00  0.244  1.676  99.000  1
961.4331  23.00  0.062  1.955  1.270  1
961.7373  23.00  0.046  1.950  1.190  1
962.9016  24.00  0.010  2.915  1.500  1
962.9137  26.00  0.031  5.033  1.280  1
963.6826  26.00  0.014  5.064  1.270  1
963.7107  20.00  0.022  4.735  1.500  1
963.7376  20.00  0.051  4.735  0.500  1
964.0948  22.00  0.876  0.848  1.420  1
964.2540  22.00  0.010  2.154  2.460  1
965.0016  22.00  0.817  0.818  1.530  1
965.4350  22.00  0.061  2.305  1.520  1
965.5019  22.00  0.081  2.297  1.500  1
965.5762  26.00  0.036  4.733  1.220  1
966.1470  20.00  0.024  4.739  1.500  1
966.1993  20.00  0.071  4.739  1.170  1
966.2263  20.00  0.020  4.739  1.500  1
966.4066  22.00  0.160  2.175  1.480  1
966.5892  22.00  0.074  2.292  1.430  1
966.6290  20.00  0.046  4.735  1.000  1
966.7063  20.00  0.041  4.739  1.330  1
966.9937  24.00  0.099  2.544  0.680  1
967.3191  24.00  0.290  2.544  0.860  1
967.8197  22.00  0.865  0.836  1.350  1
967.8948  20.00  0.063  4.735  0.500  1
968.1669  22.00  0.047  2.289  1.500  1
969.1326  20.00  0.112  4.739  1.000  1
969.1530  22.00  0.798  0.813  1.500  1
969.3318  22.00  0.041  2.160  1.490  1
969.4281  23.00  0.059  1.945  1.020  1
969.8958  20.00  0.111  4.744  1.330  1
969.9485  20.00  0.021  4.744  1.500  1
970.0500  22.00  0.012  2.292  1.580  1
970.4594  20.00  0.158  4.744  1.170  1
970.5562  22.00  0.054  2.297  1.500  1
970.8326  22.00  0.852  0.826  1.260  1
971.8208  22.00  0.047  2.292  1.650  1
971.9665  22.00  0.121  2.305  1.500  1
972.1625  22.00  0.615  1.502  0.950  1
973.1075  22.00  0.837  0.818  1.000  1
973.2985  24.00  0.101  3.550  1.330  1
973.4156  11.00  0.018  3.753  99.000  1
973.7233  24.00  0.239  2.544  0.550  1
973.9457  11.00  0.032  3.753  99.000  1
974.0456  22.00  0.073  2.297  1.500  1
974.1139  23.00  0.027  1.942  0.410  1
974.1243  26.00  0.076  4.991  1.250  1
974.6278  22.00  0.829  0.813  0.000  1
974.8769  27.00  0.017  2.787  0.960  1
974.9593  22.00  0.195  2.318  1.510  1
975.0488  26.00  0.013  2.949  0.910  1
975.5568  24.00  0.013  2.915  1.500  1
975.5765  26.00  0.024  4.795  0.910  1
976.6057  26.00  0.018  5.099  1.430  1
976.6573  26.00  0.011  5.033  1.860  1
977.0889  22.00  0.079  2.305  1.480  1
977.2980  22.00  0.790  0.848  1.550  1
977.3710  22.00  0.082  1.879  1.130  1
977.6033  24.00  0.021  3.556  1.480  1
978.5994  22.00  0.810  0.836  1.480  1
978.6272  22.00  0.793  0.818  1.490  1
978.7259  20.00  0.037  4.554  1.000  1
979.0371  22.00  0.811  0.826  1.500  1
980.2995  26.00  0.017  5.086  1.590  1
981.6207  22.00  0.060  2.318  1.520  1
982.2934  26.00  0.012  2.424  1.990  1
982.5258  40.00  0.068  0.623  1.200  1
982.9783  20.00  0.012  4.535  1.250  1
983.3020  56.00  0.164  2.239  99.000  1
983.4836  22.00  0.414  1.887  1.210  1
984.7764  24.00  0.011  3.438  2.170  1
986.4438  26.00  0.035  5.064  1.210  1
986.8181  23.00  0.034  1.711  1.410  1
988.2292  22.00  0.078  1.873  0.900  1
989.1747  26.00  0.021  5.033  1.420  1
989.7619  20.00  0.011  4.554  1.010  1
990.3624  24.00  0.049  2.987  1.530  1
990.7196  24.00  0.018  3.550  1.500  1
991.8738  11.00  0.025  3.753  99.000  1
992.4243  11.00  0.043  3.753  99.000  1
992.5931  22.00  0.014  3.441  1.090  1
992.7109  26.00  0.014  3.546  1.090  1
993.0073  22.00  0.368  1.879  1.060  1
993.7192  24.00  0.014  3.449  1.860  1
994.4104  22.00  0.084  2.160  1.550  1
994.9047  24.00  0.018  3.556  1.480  1
995.1734  22.00  0.096  2.154  1.510  1
995.1801  24.00  0.055  3.556  1.180  1
995.2379  19.00  0.023  2.607  1.170  1
995.4890  22.00  0.014  3.424  0.960  1
995.6838  19.00  0.012  2.607  1.330  1
996.0280  22.00  0.013  3.409  0.830  1
996.3987  11.00  0.263  3.617  99.000  1
996.3987  11.00  0.028  3.617  99.000  1
996.4037  11.00  0.219  3.617  99.000  1
996.7468  22.00  0.068  1.053  1.500  1
998.4013  22.00  0.018  3.113  0.670  1
999.0607  26.00  0.014  2.176  2.330  1
1000.0700  22.00  0.285  1.873  0.810  1
1000.3840  56.00  0.011  2.845  99.000  1
1000.5239  22.00  0.064  1.873  -0.450  1
1000.5831  22.00  0.236  2.160  1.170  1
1000.8407  22.00  0.106  1.067  1.490  1
1000.9658  22.00  0.029  1.053  1.580  1
1001.4489  22.00  0.189  2.154  0.500  1
1002.7787  21.00  0.054  1.865  1.050  1
1003.4849  56.00  0.173  1.676  99.000  1
1003.7242  22.00  0.465  1.460  1.110  1
1003.9405  38.01  0.050  1.805  99.000  1
1004.9169  27.00  0.011  2.718  2.520  1
1005.1583  22.00  0.423  1.443  1.010  1
1005.2998  22.00  0.020  3.128  1.070  1
1006.0261  21.00  0.041  1.851  0.900  1
1006.0486  22.00  0.294  2.175  1.350  1
1006.1010  26.00  0.022  2.198  2.740  1
1006.2662  22.00  0.381  1.430  0.830  1
1006.7805  26.00  0.057  4.835  0.750  1
1006.9272  22.00  0.088  2.160  1.500  1
1007.7885  22.00  0.060  1.067  1.500  1
1008.1462  27.00  0.030  2.700  1.040  1
1008.3113  24.00  0.039  3.556  0.520  1
1008.4156  26.00  0.041  2.424  2.000  1
1008.5944  24.00  0.015  3.556  1.530  1
1008.7754  40.00  0.041  0.604  0.640  1
1008.9007  26.00  0.017  2.949  1.310  1
1011.6786  26.00  0.071  2.759  0.830  1
1012.3670  22.00  0.099  2.175  1.510  1
1014.8300  22.00  0.025  3.148  1.230  1
1014.8342  26.00  0.079  4.795  1.060  1
1015.7946  26.00  0.168  2.176  1.460  1
1017.0255  26.00  0.187  2.198  1.410  1
1017.3276  22.00  0.075  1.443  0.920  1
1017.9860  11.00  0.037  3.753  99.000  1
1018.5651  11.00  0.062  3.753  99.000  1
1019.1939  22.00  0.082  1.460  1.160  1
1019.6018  28.00  0.025  4.089  1.130  1
1019.6559  23.00  0.010  1.711  0.980  1
1019.7899  26.00  0.098  2.728  1.000  1
1019.9785  24.00  0.014  2.987  1.510  1
1020.6342  23.00  0.026  1.712  0.790  1
1021.9113  26.00  0.112  4.733  1.230  1
1022.1208  26.00  0.143  3.071  1.470  1
1022.7994  20.00  0.011  4.744  1.330  1
1025.1905  20.00  0.030  4.531  0.500  1
1025.7568  20.00  0.059  4.532  1.000  1
1025.9331  20.00  0.023  4.532  1.000  1
1026.8031  26.00  0.084  2.223  1.240  1
1027.6499  20.00  0.095  4.535  1.170  1
1027.9045  20.00  0.023  4.535  1.330  1
1029.2000  11.00  0.011  3.753  99.000  1
1029.7932  11.00  0.021  3.753  99.000  1
1033.0141  38.01  0.209  1.839  99.000  1
1033.0194  23.00  0.011  1.064  1.320  1
1033.3059  28.00  0.012  4.105  1.300  1
1033.5159  26.00  0.015  3.635  0.500  1
1034.3719  26.00  0.363  2.198  0.680  1
1034.6654  20.00  0.786  2.933  1.000  1
1035.5580  23.00  0.012  1.081  1.340  1
1038.1447  28.00  0.020  4.088  1.040  1
1038.1843  26.00  0.168  2.223  0.260  1
1039.3592  22.00  0.032  1.502  1.670  1
1039.8643  26.00  0.440  2.176  0.890  1
1039.9651  22.00  0.781  0.848  1.130  1
1041.9475  24.00  0.020  3.013  1.520  1
1042.5884  26.00  0.103  2.692  1.090  1
1042.6599  26.00  0.112  3.071  1.480  1
1044.0140  24.00  0.012  2.987  1.490  1
1046.2915  22.00  0.145  2.256  1.070  1
1047.2521  26.00  0.182  3.884  1.160  1
1047.4141  56.00  0.097  1.676  99.000  1
1048.2488  19.00  0.022  2.670  99.000  1
1048.4277  22.00  0.011  1.879  1.020  1
1048.9124  24.00  0.289  3.011  1.500  1
1048.9974  19.00  0.012  2.670  99.000  1
1049.8990  22.00  0.768  0.836  1.050  1
1051.2890  24.00  0.135  3.013  1.420  1
1053.5120  26.00  0.106  3.929  1.000  1
1055.2991  24.00  0.016  3.011  1.480  1
1055.4648  22.00  0.075  1.887  1.690  1
1055.5857  22.00  0.111  2.249  0.960  1
1056.1318  20.00  0.079  4.554  1.000  1
1056.8847  22.00  0.080  2.236  0.870  1
1056.8915  11.00  0.069  3.753  99.000  1
1057.5177  11.00  0.108  3.753  99.000  1
1057.5177  11.00  0.016  3.753  99.000  1
1058.0037  26.00  0.035  3.301  0.840  1
1058.3149  24.00  0.010  2.987  1.500  1
1058.7533  22.00  0.753  0.826  1.000  1
1058.8042  14.00  0.010  4.954  1.270  1
1061.0624  22.00  0.543  0.848  1.330  1
1061.9630  26.00  0.040  3.267  0.900  1
1065.0557  24.00  0.127  3.011  1.530  1
1065.3814  23.00  0.010  1.804  1.250  1
1066.1475  22.00  0.013  2.160  0.920  1
1066.4544  22.00  0.733  0.818  0.870  1
1067.0443  24.00  0.148  3.013  1.480  1
1067.5064  24.00  0.178  3.013  1.520  1
1067.9972  22.00  0.598  0.836  1.250  1
1069.2046  22.00  0.022  2.175  1.200  1
1069.2319  22.00  0.022  3.727  1.220  1
1069.3929  22.00  0.058  1.502  1.320  1
1071.7345  24.00  0.018  2.987  1.500  1
1072.8123  26.00  0.023  3.640  1.150  1
1072.9329  22.00  0.708  0.813  0.590  1
1073.1204  20.00  0.032  4.430  0.880  1
1073.5804  22.00  0.604  0.826  1.090  1
1074.3613  11.00  0.012  3.753  99.000  1
1074.9393  11.00  0.352  3.191  99.000  1
1075.0064  11.00  0.021  3.753  99.000  1
1075.2248  11.00  0.260  3.191  99.000  1
1075.5950  26.00  0.051  3.960  0.510  1
1076.0008  22.00  0.017  2.239  0.980  1
1077.1315  13.00  0.019  4.085  99.000  1
1077.7818  22.00  0.569  0.818  0.690  1
1078.3648  26.00  0.032  3.237  0.960  1
1078.4293  22.00  0.034  2.250  1.320  1
1078.4999  13.00  0.031  4.087  99.000  1
1078.6004  26.00  0.175  3.111  1.500  1
1079.5510  22.00  0.076  0.848  1.930  1
1080.4319  24.00  0.132  3.011  1.510  1
1081.4015  12.00  0.042  5.946  99.000  1
1081.4046  12.00  0.031  5.946  99.000  1
1081.4120  12.00  0.022  5.946  99.000  1
1081.4160  12.00  0.028  5.946  99.000  1
1081.9873  24.00  0.074  3.013  1.500  1
1082.1238  26.00  0.042  3.960  1.010  1
1082.4140  16.00  0.042  0.000  1.250  1
1082.4625  24.00  0.140  3.013  1.600  1
1082.8044  20.00  0.034  4.877  0.500  1
1082.9979  20.00  0.066  4.877  1.000  1
1083.0054  14.00  0.019  4.954  1.500  1
1083.0319  20.00  0.028  4.877  1.000  1
1083.0863  22.00  0.144  0.836  1.980  1
1083.2234  20.00  0.046  4.441  0.990  1
1083.4905  20.00  0.102  4.878  1.170  1
1083.5563  20.00  0.028  4.878  1.330  1
1083.6349  20.00  0.072  4.877  1.500  1
1083.7814  11.00  0.354  3.617  99.000  1
1083.7814  11.00  0.059  3.617  99.000  1
1083.7873  11.00  0.311  3.617  99.000  1
1084.1939  20.00  0.149  4.878  1.500  1
1084.9763  20.00  0.014  4.744  1.330  1
1085.0605  22.00  0.146  0.826  2.110  1
1085.1165  23.00  0.027  2.505  1.140  1
1085.6079  22.00  0.010  2.267  1.430  1
1086.4557  20.00  0.061  4.877  1.500  1
1086.6494  26.00  0.026  4.733  1.340  1
1086.6847  20.00  0.049  4.877  1.500  1
1087.2469  20.00  0.069  4.878  1.500  1
1087.2514  14.00  0.015  5.082  1.000  1
1087.5951  13.00  0.023  4.085  99.000  1
1088.2848  20.00  0.060  4.877  1.500  1
1088.4739  26.00  0.067  2.845  0.280  1
1088.7244  26.00  0.049  3.929  1.320  1
1088.8579  20.00  0.016  4.532  1.750  1
1089.1589  26.00  0.011  2.279  1.260  1
1089.4720  13.00  0.043  4.087  99.000  1
1089.9284  26.00  0.163  3.071  1.510  1
1090.8697  24.00  0.190  3.438  1.660  1
1091.2783  20.00  0.026  4.535  1.250  1
1091.7877  38.01  0.162  1.805  99.000  1
1092.2295  20.00  0.021  4.554  1.010  1
1092.2414  20.00  0.061  4.451  1.110  1
1093.2864  24.00  0.080  3.010  1.500  1
1094.4217  24.00  0.017  3.011  1.490  1
1096.0171  24.00  0.110  3.013  1.520  1
1096.0305  12.00  0.016  5.932  99.000  1
1096.8454  12.00  0.027  5.933  99.000  1
1098.2828  28.00  0.022  4.154  1.270  1
1099.0216  26.00  0.056  2.832  1.990  1
1099.3747  22.00  0.012  3.154  1.330  1
1099.6370  23.00  0.020  2.505  1.880  1
1101.1724  22.00  0.011  2.334  0.700  1
1101.8547  24.00  0.219  3.449  1.970  1
1102.2866  19.00  0.499  2.670  99.000  1
1102.2866  19.00  0.089  2.670  99.000  1
1102.5672  19.00  0.445  2.670  0.900  1
1104.7635  24.00  0.071  3.011  1.480  1
1109.0772  26.00  0.036  2.279  0.990  1
1109.8754  22.00  0.014  3.139  1.000  1
1111.0765  23.00  0.014  2.505  1.760  1
1112.2841  26.00  0.413  2.845  1.000  1
1115.2315  26.00  0.136  2.832  0.670  1
1116.0015  24.00  0.237  3.463  1.400  1
1118.5682  23.00  0.016  2.130  1.120  1
1119.3254  11.00  0.096  3.753  99.000  1
1119.8409  23.00  0.018  2.138  1.360  1
1119.9845  28.00  0.181  2.740  0.900  1
1120.0276  11.00  0.144  3.753  99.000  1
1120.0276  11.00  0.024  3.753  99.000  1
1122.8027  26.00  0.016  3.267  0.890  1
1123.4034  22.00  0.018  3.139  0.500  1
1124.6966  22.00  0.053  3.179  1.160  1
1124.9949  22.00  0.033  3.154  1.000  1
1125.2062  23.00  0.013  2.122  0.940  1
1125.4196  26.00  0.409  2.858  0.510  1
1125.6049  20.00  0.026  4.624  1.000  1
1125.6271  13.00  0.328  4.021  99.000  1
1125.7963  13.00  0.365  4.022  99.000  1
1125.7973  13.00  0.085  4.022  99.000  1
1130.1953  26.00  0.310  2.832  1.330  1
1130.6147  56.00  0.667  1.143  1.260  1
1130.8950  16.00  0.012  0.049  0.750  1
1131.3827  24.00  0.167  3.323  2.510  1
1133.5023  24.00  0.140  3.322  1.990  1
1133.6726  20.00  0.012  4.739  1.170  1
1134.2265  24.00  0.254  3.323  2.010  1
1135.9063  26.00  0.045  3.642  1.330  1
1137.7192  26.00  0.486  2.176  1.830  1
1138.1592  20.00  0.021  4.744  1.330  1
1138.2446  24.00  0.079  3.321  1.840  1
1138.4557  11.00  0.859  2.102  99.000  1
1139.3869  24.00  0.284  3.322  1.670  1
1140.1181  24.00  0.225  3.323  1.000  1
1140.6888  11.00  0.874  2.104  99.000  1
1142.5447  26.00  0.615  2.198  1.980  1
1144.2256  26.00  0.533  2.845  1.010  1
1147.6161  24.00  0.259  3.321  1.590  1
1148.7774  24.00  0.336  3.322  1.170  1
1149.2246  11.00  0.019  3.753  99.000  1
1149.9638  11.00  0.035  3.753  99.000  1
1152.5367  26.00  0.038  3.237  1.030  1
1154.2710  22.00  0.024  3.104  1.260  1
1159.6762  26.00  0.655  2.223  2.500  1
1161.0750  26.00  0.737  2.198  1.660  1
1161.2506  22.00  0.016  3.108  1.090  1
1161.3739  24.00  0.410  3.321  1.250  1
1163.4100  27.00  0.022  3.409  1.190  1
1163.5618  22.00  0.044  1.430  2.010  1
1163.8396  22.00  0.017  2.334  0.990  1
1164.1446  26.00  0.714  2.176  1.580  1
1167.0420  22.00  0.028  2.345  1.180  1
1167.8270  22.00  0.013  3.111  0.660  1
1169.3173  26.00  0.720  2.223  2.000  1
1169.3420  19.00  0.870  1.610  99.000  1
1176.2789  20.00  0.075  4.531  0.500  1
1177.0702  20.00  0.126  4.532  1.000  1
1177.2567  20.00  0.059  4.532  1.000  1
1177.2861  19.00  0.824  1.617  99.000  1
1177.6061  19.00  0.880  1.617  99.000  1
1178.3767  22.00  0.349  1.443  1.210  1
1178.6490  26.00  0.578  2.832  1.140  1
1179.6271  20.00  0.179  4.535  1.170  1
1179.8992  20.00  0.059  4.535  1.330  1
1180.0416  22.00  0.322  1.430  0.920  1
1183.1409  12.00  0.484  4.346  99.000  1
1188.1498  20.00  0.014  4.680  0.750  1
1188.6096  26.00  0.773  2.198  1.180  1
1188.6482  20.00  0.020  4.681  1.000  1
1188.7336  26.00  0.715  2.223  1.000  1
1189.4111  20.00  0.028  4.681  1.130  1
1189.6132  22.00  0.486  1.430  0.750  1
1191.1349  24.00  0.015  3.449  1.100  1
1191.5145  23.00  0.059  2.365  1.080  1
1195.2501  31.00  0.020  3.073  99.000  1
1195.2818  22.00  0.522  1.443  1.000  1
1195.9228  20.00  0.204  4.131  1.000  1
1197.6323  26.00  0.794  2.176  1.260  1
1197.7124  22.00  0.558  1.460  1.140  1
1198.7478  14.00  0.024  4.930  1.000  1
1199.4850  14.00  0.013  4.920  0.510  1
1200.4255  24.00  0.014  3.435  1.000  1
1201.9226  22.00  0.011  3.323  0.660  1
1203.4796  14.00  0.034  4.954  1.170  1
1204.7406  24.00  0.014  3.422  0.840  1
1205.6381  26.00  0.015  4.559  1.580  1
1207.5011  22.00  0.014  3.334  1.070  1
1208.6585  12.00  0.148  5.753  99.000  1
1208.6653  12.00  0.020  5.753  99.000  1
1208.6956  12.00  0.142  5.753  99.000  1
1209.7464  22.00  0.012  2.154  1.000  1
1210.9154  20.00  0.168  4.554  1.000  1
1211.3166  31.00  0.010  3.073  99.000  1
1212.2811  26.00  0.011  4.593  1.120  1
1217.0573  22.00  0.021  3.351  1.240  1
1218.7125  22.00  0.012  2.154  0.490  1
1219.3434  26.00  0.069  3.635  0.780  1
1223.0458  26.00  0.019  4.607  1.670  1
1224.3265  22.00  0.045  2.154  1.000  1
1225.2755  23.00  0.049  2.359  0.970  1
1225.9053  22.00  0.018  3.921  1.070  1
1226.5267  22.00  0.012  3.890  0.830  1
1226.7616  22.00  0.015  3.904  1.000  1
1230.4556  20.00  0.022  4.624  1.000  1
1230.8895  22.00  0.016  2.154  1.960  1
1231.4849  11.00  0.174  3.753  99.000  1
1232.3331  11.00  0.055  3.753  99.000  1
1232.3351  11.00  0.235  3.753  99.000  1
1232.5245  22.00  0.019  2.160  1.000  1
1233.1093  20.00  0.011  4.735  0.500  1
1234.0330  22.00  0.025  2.175  1.340  1
1234.3858  26.00  0.027  2.279  1.510  1
1234.6293  26.00  0.015  4.638  2.010  1
1236.9301  20.00  0.017  4.739  1.170  1
1239.1763  22.00  0.050  2.160  1.320  1
1242.7092  20.00  0.027  4.744  1.330  1
1243.5675  19.00  0.816  1.610  99.000  1
1243.7150  20.00  0.081  5.026  1.000  1
1247.0860  20.00  0.015  5.049  1.000  1
1247.6527  22.00  0.015  2.160  1.170  1
1248.8033  22.00  0.063  1.502  0.440  1
1252.5236  24.00  0.283  2.708  1.630  1
1252.5560  19.00  0.835  1.617  99.000  1
1252.9508  19.00  0.112  2.607  99.000  1
1253.6269  24.00  0.204  2.709  1.490  1
1254.2772  19.00  0.062  2.607  99.000  1
1256.0431  26.00  0.317  2.279  1.500  1
1257.3010  22.00  0.074  2.175  1.210  1
1257.3073  27.00  0.013  3.409  1.080  1
1260.3724  22.00  0.313  1.443  1.530  1
1261.4392  20.00  0.079  5.049  1.000  1
1261.9379  26.00  0.015  4.638  1.000  1
1264.2161  26.00  0.075  4.559  1.260  1
1265.2201  26.00  0.034  4.607  1.180  1
1266.0279  22.00  0.028  2.175  1.510  1
1267.4562  22.00  0.310  1.430  1.470  1
1268.2639  11.00  0.475  3.617  99.000  1
1268.2639  11.00  0.158  3.617  99.000  1
1268.2689  11.00  0.440  3.617  99.000  1
1274.1868  22.00  0.239  2.175  1.020  1
1274.4420  22.00  0.018  3.409  0.890  1
1274.8391  22.00  0.117  2.487  0.960  1
1275.3064  20.00  0.024  5.049  1.000  1
1281.0655  26.00  0.062  3.640  1.010  1
1281.4983  22.00  0.219  2.160  0.950  1
1281.9551  20.00  0.325  3.910  1.250  1
1282.5179  22.00  0.597  1.460  1.260  1
1282.7375  20.00  0.273  3.910  1.750  1
1282.7683  23.00  0.025  1.950  1.470  1
1282.8368  26.00  0.032  3.018  0.840  1
1283.0568  20.00  0.167  3.910  2.000  1
1283.4956  22.00  0.549  1.430  0.670  1
1284.4242  22.00  0.013  3.724  1.030  1
1284.4299  22.00  0.021  3.424  1.000  1
1285.0549  22.00  0.577  1.443  1.080  1
1286.6099  24.00  0.012  3.438  0.660  1
1288.3289  26.00  0.372  2.279  1.490  1
1288.8815  20.00  0.075  4.430  1.410  1
1290.3289  25.00  0.659  2.114  1.290  1
1290.4741  23.00  0.173  1.955  1.310  1
1291.1471  11.00  0.049  3.753  99.000  1
1291.2601  20.00  0.244  4.430  0.710  1
1291.3622  24.00  0.239  2.708  1.360  1
1292.0793  11.00  0.086  3.753  99.000  1
1292.3433  22.00  0.182  2.154  0.760  1
1292.5345  24.00  0.053  2.709  1.840  1
1293.1014  22.00  0.041  2.154  2.650  1
1293.5851  28.00  0.083  2.740  0.530  1
1293.9858  26.00  0.026  0.000  1.500  1
1294.0559  24.00  0.209  2.710  1.500  1
1295.4438  22.00  0.024  3.441  1.060  1
1297.9459  25.00  0.300  2.888  1.210  1
1299.1120  22.00  0.074  2.506  1.000  1
1300.4958  20.00  0.078  4.441  1.510  1
1300.5748  22.00  0.011  3.716  0.960  1
1300.8922  22.00  0.052  2.175  1.200  1
1301.0242  26.00  0.044  2.990  0.990  1
1301.4809  22.00  0.067  2.160  0.920  1
1301.5456  22.00  0.336  1.443  1.490  1
1302.2497  22.00  0.032  2.160  1.550  1
1303.7120  20.00  0.276  4.441  1.080  1
1304.7625  23.00  0.033  1.945  1.460  1
1306.1457  20.00  0.085  4.441  1.490  1
1306.5566  20.00  0.010  4.443  1.280  1
1308.0842  22.00  0.343  1.460  1.550  1
1308.1951  21.00  0.042  2.109  1.160  1
1308.8599  22.00  0.028  2.231  1.510  1
1309.0009  20.00  0.070  4.443  0.780  1
1310.3446  21.00  0.027  2.111  0.850  1
1310.8101  23.00  0.135  1.950  1.230  1
1312.6999  13.00  0.668  3.143  99.000  1
1313.8534  20.00  0.306  4.451  1.250  1
1315.4350  13.00  0.622  3.143  99.000  1
1317.1361  20.00  0.085  4.451  1.490  1
1318.8576  23.00  0.038  1.955  1.450  1
1319.6518  24.00  0.022  3.449  0.860  1
1320.2476  22.00  0.014  2.239  1.480  1
1320.4761  24.00  0.231  2.709  1.510  1
1321.0298  26.00  0.033  0.052  1.500  1
1322.0635  24.00  0.123  2.710  2.510  1
1322.2815  22.00  0.029  2.175  0.750  1
1323.8790  37.00  0.148  1.560  99.000  1
1324.2250  22.00  0.011  2.154  1.240  1
1324.3277  22.00  0.015  2.239  1.460  1
1325.2528  23.00  0.027  1.942  1.420  1
1325.3946  20.00  0.073  4.554  1.010  1
1325.9438  22.00  0.064  2.231  1.500  1
1326.7935  22.00  0.021  3.409  1.000  1
1328.5122  25.00  0.226  2.920  1.100  1
1329.0448  26.00  0.013  4.988  0.970  1
1329.1463  26.00  0.176  2.949  1.100  1
1329.4755  23.00  0.077  1.945  99.000  1
1329.4920  23.00  0.105  1.945  1.020  1
1329.7436  25.00  0.546  2.143  1.650  1
1330.9336  22.00  0.099  2.239  1.460  1
1332.1626  20.00  0.139  4.624  1.000  1
1332.2583  25.00  0.591  2.143  1.220  1
1333.6152  22.00  0.033  2.250  1.180  1
1335.0354  22.00  0.048  2.250  1.470  1
1335.5825  26.00  0.015  5.309  1.630  1
1335.7716  23.00  0.046  1.950  1.520  1
1337.5439  71.00  0.380  0.000  1.060  1
1337.6319  22.00  0.038  2.239  1.480  1
1338.1453  19.00  0.101  2.670  99.000  1
1338.5587  19.00  0.013  2.670  99.000  1
1338.8126  26.00  0.020  3.017  0.690  1
1339.3075  26.00  0.013  5.385  1.190  1
1339.5765  26.00  0.029  5.352  1.330  1
1340.0225  22.00  0.024  3.590  1.260  1
1340.0726  19.00  0.061  2.670  99.000  1
1340.7869  22.00  0.013  3.581  1.190  1
1341.2775  22.00  0.134  1.502  1.120  1
1341.9309  25.00  0.143  2.920  1.480  1
1342.1545  26.00  0.027  0.087  1.500  1
1345.3375  20.00  0.030  4.531  2.000  1
1345.4702  22.00  0.032  2.239  1.480  1
1346.6167  20.00  0.072  4.532  1.750  1
1347.1188  23.00  0.063  1.942  0.390  1
1349.8734  26.00  0.020  4.956  1.070  1
1350.3207  20.00  0.103  4.535  1.250  1
1350.3596  25.00  0.157  2.941  0.830  1
1351.4993  23.00  0.034  1.945  1.550  1
1352.8140  22.00  0.114  2.250  1.470  1
1355.0683  26.00  0.040  4.913  1.290  1
1355.4689  22.00  0.105  2.239  1.030  1
1355.6080  26.00  0.108  0.000  1.500  1
1356.8727  26.00  0.056  5.309  1.390  1
1359.2686  25.00  0.160  2.941  1.460  1
1360.4089  25.00  0.337  2.164  1.790  1
1360.4359  26.00  0.072  3.017  1.330  1
1360.8314  22.00  0.171  2.250  1.470  1
1363.0480  25.00  0.560  2.164  1.770  1
1363.0686  25.00  0.555  2.164  1.770  1
1364.6661  25.00  0.479  2.164  1.130  1
1365.6861  22.00  0.040  2.231  0.500  1
1366.8747  37.00  0.255  1.589  99.000  1
1367.1726  26.00  0.102  3.642  1.130  1
1367.4540  23.00  0.023  1.860  1.170  1
1367.5911  26.00  0.084  0.052  1.500  1
1368.7170  25.00  0.156  2.953  1.330  1
1370.4957  22.00  0.034  1.873  0.870  1
1372.7283  19.00  0.013  3.397  99.000  1
1373.2910  26.00  0.050  0.087  1.500  1
1373.3194  25.00  0.028  2.941  1.900  1
1375.9627  26.00  0.031  5.410  2.160  1
1376.1628  26.00  0.033  0.110  1.500  1
1377.8718  25.00  0.040  2.953  2.160  1
1378.0883  22.00  0.023  2.239  0.980  1
1379.1100  23.00  0.271  1.868  99.000  1
1379.1506  23.00  0.290  1.868  1.020  1
1380.1283  19.00  0.011  3.397  99.000  1
1381.9143  26.00  0.013  5.309  1.550  1
1382.8430  26.00  0.015  4.209  1.490  1
1385.1246  25.00  0.433  2.178  1.880  1
1385.3415  28.00  0.126  2.740  0.850  1
1386.7989  25.00  0.519  2.178  2.120  1
1387.7733  20.00  0.012  4.681  1.000  1
1388.0584  20.00  0.021  4.681  1.170  1
1388.9333  23.00  0.095  2.374  0.970  1
1390.0965  26.00  0.039  5.385  1.810  1
1394.3695  23.00  0.034  1.853  1.050  1
1397.6819  22.00  0.023  2.175  0.410  1
1400.1337  25.00  0.484  2.187  2.120  1
1401.1112  26.00  0.050  5.426  1.980  1
1404.4289  23.00  0.230  1.860  99.000  1
1404.4687  23.00  0.276  1.860  0.960  1
1408.2966  22.00  0.015  2.267  1.120  1
1412.0435  22.00  0.018  2.250  0.640  1
1415.6295  19.00  0.015  3.063  1.330  1
1417.3696  22.00  0.011  1.443  2.160  1
1417.7399  23.00  0.029  1.849  0.810  1
1419.3985  19.00  0.028  3.065  1.170  1
1420.1544  22.00  0.042  2.239  2.170  1
1424.0111  26.00  0.114  5.352  1.670  1
1425.5159  26.00  0.031  5.539  1.310  1
1425.6340  20.00  0.115  4.680  0.750  1
1425.6536  24.00  0.046  3.369  1.590  1
1425.6667  20.00  0.017  4.430  0.960  1
1425.6786  23.00  0.216  1.853  99.000  1
1425.7037  23.00  0.261  1.853  0.910  1
1426.0058  26.00  0.015  3.415  0.820  1
1426.0152  20.00  0.068  4.430  0.880  1
1426.3357  20.00  0.143  4.681  1.000  1
1426.3803  20.00  0.034  4.681  0.920  1
1426.9995  26.00  0.026  0.121  0.000  1
1427.4154  20.00  0.172  4.681  1.130  1
1427.4723  20.00  0.034  4.681  1.210  1
1428.8980  23.00  0.100  2.359  0.890  1
1428.8984  26.00  0.087  5.385  1.650  1
1429.6255  26.00  0.075  5.410  1.740  1
1429.8168  26.00  0.015  5.410  2.240  1
1431.2608  26.00  0.270  3.017  1.160  1
1435.2372  24.00  0.096  3.375  1.520  1
1436.6101  26.00  0.056  0.052  1.500  1
1437.2795  22.00  0.029  2.250  1.700  1
1437.4557  26.00  0.063  2.176  1.000  1
1437.9932  22.00  0.021  1.443  1.290  1
1438.6392  22.00  0.010  1.430  0.180  1
1440.4475  26.00  0.184  5.309  1.290  1
1442.6996  23.00  0.264  1.849  0.780  1
1443.2776  20.00  0.020  4.441  1.210  1
1443.3622  26.00  0.223  0.000  1.500  1
1443.8342  20.00  0.099  4.441  0.990  1
1443.9122  22.00  0.043  2.231  1.990  1
1444.1520  26.00  0.026  4.209  1.490  1
1444.6214  26.00  0.075  5.410  1.770  1
1445.4372  22.00  0.110  1.460  1.390  1
1447.6831  20.00  0.010  4.443  1.090  1
1449.4199  20.00  0.073  5.168  1.000  1
1450.1785  26.00  0.030  5.426  3.000  1
1451.6173  26.00  0.164  5.352  1.210  1
1452.3803  22.00  0.041  1.443  0.660  1
1452.7588  26.00  0.017  5.587  1.210  1
1455.2584  26.00  0.011  4.261  1.500  1
1455.9012  26.00  0.141  5.385  1.270  1
1456.9919  26.00  0.063  5.426  2.280  1
1457.7835  22.00  0.054  2.239  1.720  1
1458.4316  20.00  0.027  4.735  0.500  1
1459.7479  20.00  0.129  4.451  1.110  1
1460.0047  19.00  0.012  3.397  1.070  1
1460.7654  26.00  0.015  3.111  0.510  1
1462.0037  26.00  0.050  0.110  1.500  1
1462.9758  20.00  0.010  5.049  1.000  1
1463.8500  20.00  0.040  4.739  1.170  1
1464.1385  20.00  0.010  4.739  1.500  1
1465.5025  26.00  0.012  6.237  1.120  1
1465.6907  26.00  0.016  6.206  1.200  1
1466.3036  26.00  0.015  3.415  1.160  1
1466.8919  22.00  0.073  1.460  0.920  1
1469.8942  55.00  0.011  1.455  99.000  1
1470.6981  26.00  0.075  5.410  1.090  1
1471.3423  26.00  0.011  6.367  1.220  1
1472.0495  20.00  0.063  4.744  1.330  1
1472.3676  26.00  0.050  5.426  0.810  1
1472.4732  20.00  0.012  4.744  1.500  1
1473.3577  26.00  0.074  2.424  1.500  1
1473.6395  26.00  0.035  2.845  1.990  1
1474.1603  26.00  0.015  5.033  1.330  1
1474.9417  26.00  0.068  2.198  2.080  1
1475.3819  26.00  0.023  6.169  1.210  1
1475.6442  37.00  0.438  1.560  99.000  1
1477.1576  11.00  0.365  3.753  99.000  1
1478.3730  11.00  0.207  3.753  99.000  1
1478.3790  11.00  0.418  3.753  99.000  1
1481.0049  26.00  0.012  4.076  1.380  1
1481.8784  26.00  0.034  4.991  1.410  1
1483.0460  26.00  0.151  5.309  1.440  1
1484.9698  24.00  0.052  3.368  1.490  1
1485.3750  22.00  0.244  2.345  1.120  1
1487.1370  22.00  0.011  2.345  1.560  1
1487.6093  28.00  0.021  5.282  1.310  1
1487.8425  24.00  0.032  3.369  1.480  1
1488.1595  12.00  0.236  5.946  99.000  1
1488.1674  12.00  0.210  5.946  99.000  1
1488.1714  12.00  0.082  5.946  99.000  1
1488.1778  12.00  0.082  5.946  99.000  1
1488.1847  12.00  0.184  5.946  99.000  1
1488.2257  12.00  0.192  5.946  99.000  1
1488.2297  12.00  0.055  5.946  99.000  1
1489.2862  20.00  0.015  5.586  1.330  1
1491.5464  26.00  0.012  5.539  1.430  1
1491.5838  19.00  0.022  3.397  99.000  1
1491.8218  19.00  0.016  3.397  99.000  1
1495.1471  26.00  0.017  5.539  2.110  1
1496.0239  26.00  0.056  5.539  1.640  1
1496.0658  26.00  0.021  5.067  1.280  1
1496.0696  20.00  0.010  5.585  1.170  1
1497.0905  20.00  0.012  3.910  0.750  1
1498.2824  24.00  0.083  3.375  1.480  1
1498.6309  26.00  0.073  0.087  1.500  1
1499.2875  26.00  0.012  6.169  1.490  1
1499.7111  22.00  0.057  2.334  1.440  1
1500.4017  56.00  0.620  1.413  0.990  1
1502.0250  22.00  0.056  2.236  0.880  1
1502.9103  12.00  0.421  5.108  99.000  1
1504.4357  12.00  0.388  5.108  99.000  1
1505.1827  12.00  0.312  5.108  99.000  1
1505.5863  26.00  0.150  5.352  1.520  1
1506.1214  20.00  0.344  1.886  0.760  1
1506.9741  20.00  0.036  5.181  1.000  1
1507.1158  20.00  0.144  4.624  1.000  1
1508.1362  26.00  0.079  2.832  1.670  1
1508.1407  26.00  0.034  5.587  1.570  1
1508.1407  26.00  0.302  2.176  1.790  1
1509.2310  22.00  0.039  2.345  1.560  1
1509.8820  26.00  0.019  6.360  1.130  1
1509.9320  26.00  0.013  4.284  1.500  1
1512.1442  22.00  0.189  2.334  0.990  1
1512.4637  26.00  0.018  5.446  1.550  1
1512.6513  26.00  0.034  5.621  1.660  1
1514.0261  26.00  0.023  5.828  1.450  1
1514.8189  26.00  0.023  5.642  2.080  1
1516.3301  25.00  0.078  4.889  1.390  1
1516.4987  11.00  0.014  4.116  99.000  1
1516.7211  19.00  0.682  2.670  1.070  1
1516.7211  19.00  0.396  2.670  1.030  1
1517.2521  19.00  0.649  2.670  99.000  1
1518.2748  24.00  0.067  3.369  1.470  1
1519.0857  22.00  0.214  1.879  1.510  1
1519.2168  22.00  0.138  2.345  1.510  1
1519.8642  26.00  0.137  2.223  2.250  1
1521.1682  26.00  0.137  5.385  1.530  1
1522.1845  25.00  0.070  4.889  1.970  1
1522.3777  26.00  0.012  5.587  1.530  1
1522.8889  26.00  0.011  5.956  0.820  1
1524.9140  26.00  0.053  5.587  1.400  1
1526.6586  25.00  0.059  4.889  1.640  1
1529.2608  37.00  0.195  1.589  99.000  1
1529.3658  37.00  0.531  1.589  99.000  1
1529.7315  26.00  0.011  6.311  1.360  1
1529.8740  26.00  0.229  5.309  1.590  1
1530.5285  20.00  0.240  1.899  1.250  1
1531.9770  22.00  0.110  2.345  1.360  1
1533.9038  22.00  0.527  1.887  1.210  1
1533.9574  26.00  0.107  5.410  1.540  1
1534.7981  26.00  0.019  5.653  2.630  1
1535.3099  19.00  0.040  3.397  99.000  1
1535.5475  26.00  0.076  0.052  1.500  1
1535.5621  19.00  0.028  3.397  99.000  1
1535.8631  20.00  0.086  5.026  1.000  1
1536.4431  26.00  0.020  4.261  1.470  1
1538.5290  22.00  0.133  2.333  0.500  1
1539.8879  26.00  0.063  5.621  1.520  1
1539.8984  20.00  0.010  5.045  1.000  1
1539.9925  26.00  0.051  5.621  1.270  1
1540.3498  22.00  0.121  2.334  1.020  1
1543.1201  22.00  0.221  1.873  1.520  1
1549.4570  26.00  0.226  2.198  2.000  1
1550.5556  26.00  0.020  6.287  1.020  1
1552.4178  26.00  0.020  2.484  1.500  1
1553.0598  39.00  0.011  1.919  1.000  1
1553.5996  26.00  0.045  5.642  0.800  1
1553.8489  26.00  0.035  5.642  1.950  1
1554.6326  26.00  0.038  5.642  1.520  1
1554.8009  22.00  0.519  1.879  1.060  1
1555.9625  28.00  0.015  5.488  1.120  1
1557.1982  23.00  0.027  3.215  0.680  1
1559.2519  26.00  0.023  6.367  1.490  1
1559.5751  26.00  0.066  6.242  1.140  1
1559.7979  20.00  0.025  5.026  1.000  1
1559.8011  26.00  0.011  5.033  1.610  1
1560.7105  22.00  0.303  2.267  1.000  1
1560.8428  26.00  0.021  5.874  1.700  1
1560.8484  26.00  0.039  6.242  1.460  1
1560.9949  28.00  0.019  5.305  0.990  1
1561.5411  26.00  0.040  3.415  1.830  1
1562.4226  39.00  0.021  2.294  1.070  1
1562.5923  26.00  0.176  5.539  1.490  1
1563.5378  26.00  0.014  3.642  0.760  1
1563.6219  26.00  0.150  5.352  1.660  1
1563.6904  28.00  0.023  5.305  1.040  1
1565.2786  26.00  0.049  5.426  2.980  1
1565.7149  26.00  0.010  6.246  1.540  1
1566.6293  26.00  0.085  5.828  1.480  1
1566.9521  26.00  0.017  5.979  0.670  1
1568.1296  26.00  0.012  6.246  1.690  1
1568.4345  24.00  0.107  4.697  1.360  1
1569.0306  26.00  0.012  6.329  1.580  1
1569.0727  26.00  0.045  6.246  1.480  1
1569.6140  26.00  0.051  6.246  1.240  1
1569.7035  26.00  0.079  5.385  1.750  1
1570.3276  22.00  0.331  1.887  1.530  1
1570.4973  23.00  0.038  3.224  0.990  1
1571.2637  20.00  0.160  4.532  0.750  1
1571.9872  22.00  0.509  1.873  0.750  1
1572.7882  26.00  0.068  5.621  1.760  1
1574.5007  12.00  0.172  5.931  99.000  1
1574.6219  26.00  0.068  5.653  0.070  1
1575.3189  12.00  0.155  5.932  99.000  1
1575.3291  12.00  0.227  5.932  99.000  1
1576.3090  20.00  0.018  4.535  1.250  1
1576.5619  26.00  0.022  6.252  1.520  1
1576.8630  26.00  0.013  6.299  1.660  1
1576.9953  12.00  0.030  5.933  99.000  1
1577.0055  12.00  0.156  5.933  99.000  1
1577.0147  12.00  0.270  5.933  99.000  1
1577.3732  26.00  0.209  5.539  1.200  1
1577.4926  26.00  0.036  6.299  1.510  1
1577.8371  23.00  0.048  2.130  1.230  1
1577.8378  26.00  0.042  6.299  1.090  1
1579.3310  26.00  0.044  6.252  1.470  1
1579.3824  26.00  0.018  6.252  1.040  1
1579.5702  22.00  0.010  4.690  1.410  1
1580.2547  26.00  0.011  5.946  1.230  1
1580.2876  26.00  0.033  6.252  1.320  1
1581.0594  26.00  0.015  6.336  1.260  1
1582.0952  26.00  0.023  5.956  1.370  1
1582.2464  26.00  0.184  5.587  1.130  1
1582.3453  26.00  0.019  6.303  0.660  1
1582.6035  26.00  0.023  5.642  1.490  1
1582.7140  26.00  0.112  5.642  0.800  1
1583.9491  26.00  0.061  6.303  1.100  1
1584.1107  22.00  0.322  1.879  1.530  1
1584.1971  26.00  0.031  6.303  1.460  1
1585.7647  26.00  0.016  5.956  1.100  1
1585.8361  26.00  0.012  5.067  1.510  1
1586.2989  26.00  0.050  5.587  1.300  1
1586.4544  24.00  0.104  4.697  1.900  1
1586.8044  26.00  0.028  6.258  1.500  1
1587.2860  26.00  0.116  5.587  1.460  1
1587.2908  26.00  0.034  6.364  0.730  1
1588.2783  26.00  0.018  5.621  1.490  1
1588.3860  12.00  0.014  5.946  99.000  1
1588.3903  12.00  0.054  5.946  99.000  1
1588.4882  20.00  0.051  5.049  1.000  1
1589.0529  12.00  0.034  5.946  99.000  1
1589.0602  12.00  0.014  5.946  99.000  1
1589.2054  26.00  0.012  6.306  1.560  1
1589.2344  26.00  0.016  2.588  1.780  1
1589.2751  14.00  0.121  5.082  1.000  1
1589.3863  12.00  0.018  5.946  99.000  1
1589.5502  26.00  0.018  6.306  1.580  1
1589.6737  26.00  0.018  6.306  1.740  1
1589.6795  26.00  0.012  6.342  0.350  1
1589.7111  26.00  0.023  6.306  1.450  1
1589.9568  26.00  0.049  6.258  1.540  1
1590.0898  26.00  0.027  6.342  1.170  1
1590.2360  26.00  0.030  6.306  1.570  1
1590.3596  26.00  0.011  6.306  1.230  1
1590.3930  26.00  0.012  6.364  1.390  1
1590.5863  26.00  0.010  5.921  1.310  1
1590.8669  26.00  0.036  6.365  1.370  1
1590.8763  26.00  0.025  6.306  1.150  1
1591.0390  26.00  0.147  5.621  1.080  1
1591.3431  26.00  0.019  6.342  1.440  1
1591.5650  26.00  0.068  5.874  1.510  1
1591.6939  26.00  0.016  6.380  1.730  1
1592.4992  26.00  0.042  6.258  0.900  1
1592.5446  26.00  0.034  5.486  1.270  1
1592.9173  23.00  0.241  2.138  1.180  1
1593.0941  22.00  0.018  2.334  2.130  1
1593.2510  26.00  0.014  5.946  1.240  1
1593.4196  26.00  0.012  6.258  1.170  1
1593.6524  26.00  0.016  6.308  1.480  1
1593.8371  26.00  0.010  6.308  1.130  1
1594.3273  26.00  0.019  6.369  1.160  1
1594.4233  23.00  0.056  3.239  1.210  1
1594.6204  26.00  0.027  6.360  1.340  1
1595.8836  12.00  0.027  6.588  99.000  1
1596.1035  13.00  0.027  4.827  99.000  1
1596.4424  14.00  0.024  5.984  1.170  1
1596.6919  26.00  0.012  6.419  1.490  1
1596.9227  26.00  0.084  5.921  1.140  1
1596.9451  25.00  0.011  5.792  1.270  1
1597.2650  13.00  0.038  4.827  99.000  1
1597.2650  13.00  0.038  4.827  99.000  1
1597.2713  24.00  0.011  3.368  1.500  1
1597.5612  26.00  0.012  6.415  1.280  1
1598.4323  22.00  0.010  4.465  1.210  1
1598.5092  26.00  0.105  6.264  1.120  1
1598.6589  19.00  0.092  3.397  99.000  1
1598.9324  19.00  0.069  3.397  99.000  1
1601.1131  26.00  0.070  6.347  0.820  1
1601.1457  26.00  0.029  6.347  1.490  1
1601.2169  23.00  0.068  3.245  1.370  1
1601.2449  26.00  0.040  6.266  1.480  1
1601.3985  26.00  0.089  5.426  1.470  1
1601.8156  28.00  0.010  5.305  1.080  1
1601.9696  24.00  0.088  4.697  1.630  1
1603.5586  23.00  0.071  2.122  1.100  1
1603.9179  20.00  0.069  5.250  1.000  1
1604.2200  26.00  0.041  6.264  1.330  1
1604.2506  26.00  0.062  2.559  1.730  1
1604.4236  26.00  0.036  5.653  1.460  1
1604.5036  26.00  0.106  5.874  1.370  1
1604.7099  26.00  0.048  6.266  1.560  1
1606.4396  14.00  0.011  5.954  0.510  1
1607.4571  26.00  0.022  5.956  0.750  1
1607.5788  26.00  0.033  6.266  1.130  1
1607.5953  26.00  0.015  6.350  1.220  1
1607.6633  26.00  0.042  6.350  1.110  1
1608.2339  26.00  0.119  2.832  1.820  1
1609.2129  22.00  0.012  5.210  0.760  1
1609.9184  14.00  0.021  5.964  1.020  1
1610.4680  26.00  0.021  6.351  1.370  1
1610.6807  26.00  0.145  5.874  1.160  1
1612.0369  26.00  0.045  6.390  1.310  1
1612.6845  24.00  0.028  3.375  1.470  1
1613.0086  22.00  0.012  5.195  0.780  1
1613.0304  26.00  0.094  6.351  1.270  1
1613.5247  24.00  0.021  3.648  2.010  1
1613.9257  22.00  0.024  3.921  1.030  1
1614.0213  22.00  0.023  5.233  1.150  1
1614.0505  28.00  0.022  5.488  1.050  1
1614.1232  20.00  0.376  4.531  0.500  1
1614.1685  23.00  0.109  2.638  1.290  1
1614.6311  22.00  0.019  4.458  0.000  1
1615.5175  20.00  0.430  4.532  1.000  1
1615.7127  28.00  0.020  4.538  1.050  1
1615.7660  26.00  0.091  5.352  1.470  1
1615.9650  20.00  0.356  4.532  1.000  1
1616.0971  26.00  0.042  5.956  1.450  1
1616.1778  20.00  0.466  4.554  1.000  1
1616.8410  22.00  0.012  5.185  0.870  1
1616.9445  26.00  0.120  6.319  1.200  1
1617.6348  26.00  0.011  6.380  1.150  1
1617.9395  26.00  0.033  6.380  1.320  1
1618.0306  22.00  0.023  4.465  1.000  1
1618.2411  26.00  0.011  6.380  1.310  1
1618.4003  26.00  0.045  6.319  1.400  1
1618.5321  26.00  0.053  6.275  1.380  1
1619.0221  26.00  0.038  6.394  0.750  1
1619.9093  22.00  0.041  4.475  1.090  1
1619.9484  26.00  0.054  6.394  0.720  1
1620.1500  20.00  0.476  4.535  1.170  1
1620.2928  26.00  0.117  5.410  1.480  1
1620.4777  23.00  0.241  2.130  0.980  1
1620.5940  26.00  0.013  6.380  1.270  1
1620.6100  22.00  0.022  3.904  0.960  1
1620.8514  20.00  0.362  4.535  1.330  1
1620.8680  26.00  0.042  6.321  1.260  1
1621.1129  22.00  0.218  3.104  1.120  1
1621.2172  26.00  0.077  6.321  1.350  1
1621.3018  20.00  0.150  4.535  2.000  1
1621.3849  22.00  0.058  4.489  1.180  1
1621.7967  26.00  0.058  6.275  1.670  1
1622.0100  14.00  0.011  5.954  0.510  1
1622.0458  22.00  0.017  3.890  0.830  1
1622.1253  20.00  0.024  5.168  1.000  1
1622.8102  24.00  0.043  3.369  1.470  1
1622.8524  22.00  0.020  5.220  1.140  1
1623.0051  26.00  0.044  6.380  1.180  1
1623.0407  26.00  0.207  2.176  1.870  1
1623.6080  26.00  0.072  6.380  1.330  1
1624.0402  26.00  0.078  5.921  1.230  1
1624.2534  22.00  0.012  5.177  1.020  1
1624.5307  26.00  0.020  6.323  1.580  1
1624.5423  23.00  0.064  2.115  0.790  1
1624.9726  22.00  0.095  4.507  1.260  1
1625.0898  26.00  0.039  6.275  1.210  1
1625.4740  24.00  0.019  3.648  1.000  1
1625.6991  26.00  0.018  6.323  0.780  1
1625.7305  22.00  0.012  5.169  0.820  1
1626.8927  22.00  0.016  5.189  1.100  1
1627.4911  22.00  0.020  5.203  1.150  1
1628.9218  26.00  0.020  6.398  1.670  1
1629.4169  22.00  0.057  3.108  1.210  1
1629.7291  26.00  0.070  5.921  1.360  1
1630.4218  20.00  0.029  5.168  1.060  1
1630.5893  22.00  0.020  4.465  1.090  1
1630.6130  22.00  0.011  5.220  1.320  1
1631.4957  28.00  0.075  5.282  1.260  1
1632.0778  26.00  0.163  6.280  1.190  1
1632.8911  26.00  0.124  5.385  1.510  1
1633.4993  22.00  0.212  3.108  1.000  1
1633.5985  26.00  0.045  5.979  1.820  1
1633.7603  26.00  0.067  5.642  1.470  1
1636.6050  22.00  0.030  4.475  1.200  1
1636.7574  28.00  0.131  5.282  1.120  1
1636.7638  22.00  0.013  5.223  1.120  1
1636.9219  12.00  0.035  6.719  99.000  1
1636.9321  12.00  0.027  6.719  99.000  1
1636.9431  12.00  0.019  6.719  99.000  1
1637.8343  11.00  0.349  3.753  99.000  1
1638.1863  26.00  0.016  6.365  1.280  1
1638.4651  14.00  0.030  5.862  0.990  1
1638.5344  22.00  0.182  2.333  1.990  1
1638.5680  26.00  0.024  6.365  1.350  1
1638.6010  14.00  0.024  5.964  1.170  1
1638.6289  26.00  0.034  6.390  1.240  1
1638.6727  26.00  0.083  6.280  1.420  1
1638.7164  22.00  0.042  4.489  1.370  1
1639.3327  11.00  0.412  3.753  99.000  1
1639.8369  11.00  0.074  4.116  99.000  1
1639.8868  26.00  0.145  5.956  0.940  1
1639.9597  22.00  0.063  3.111  0.920  1
1639.9689  11.00  0.042  4.116  99.000  1
1639.9828  22.00  0.096  1.739  0.860  1
1640.0785  26.00  0.018  6.280  1.420  1
1640.2647  26.00  0.118  5.921  1.110  1
1640.2790  26.00  0.010  6.364  1.600  1
1640.5992  22.00  0.287  2.334  1.770  1
1640.9082  26.00  0.095  6.365  1.070  1
1641.0552  23.00  0.238  2.122  99.000  1
1641.0741  23.00  0.241  2.122  0.940  1
1641.2268  26.00  0.049  6.286  1.290  1
1641.2454  26.00  0.011  6.390  0.900  1
1641.7452  26.00  0.024  6.286  1.810  1
1641.7526  22.00  0.143  3.111  0.740  1
1643.0749  23.00  0.117  2.616  0.660  1
1644.1111  26.00  0.103  5.921  1.260  1
1644.4885  26.00  0.031  6.286  1.680  1
1644.9308  26.00  0.220  5.828  1.400  1
1645.1043  26.00  0.011  6.286  1.670  1
1645.2028  20.00  0.013  5.168  1.190  1
1645.9028  14.00  0.012  0.028  1.250  1
1646.8306  23.00  0.012  3.266  1.590  1
1647.0948  22.00  0.011  5.228  0.790  1
1647.1420  26.00  0.035  6.394  0.310  1
1647.6253  26.00  0.040  6.369  1.350  1
1647.8577  26.00  0.017  6.017  1.010  1
1648.1435  26.00  0.016  6.286  1.400  1
1648.5045  28.00  0.014  5.282  1.190  1
1648.5730  26.00  0.027  6.394  1.580  1
1649.1170  26.00  0.239  5.828  1.120  1
1649.4293  26.00  0.015  6.369  1.790  1
1649.4492  25.00  0.048  5.133  1.860  1
1649.8933  26.00  0.014  6.394  1.600  1
1649.9007  26.00  0.016  6.369  0.980  1
1649.9208  26.00  0.014  6.287  1.090  1
1650.8649  26.00  0.015  6.369  1.150  1
1651.0802  26.00  0.048  5.946  1.240  1
1652.1735  26.00  0.119  6.287  1.170  1
1652.6025  26.00  0.013  6.287  1.240  1
1652.6587  26.00  0.077  6.287  1.360  1
1652.8980  26.00  0.112  6.336  0.960  1
1653.6500  26.00  0.010  6.287  1.400  1
1654.3106  20.00  0.012  5.272  1.500  1
1654.3711  26.00  0.033  6.336  1.330  1
1654.5389  26.00  0.012  6.336  1.280  1
1654.6481  26.00  0.053  6.336  1.400  1
1654.9187  26.00  0.039  6.336  1.400  1
1655.6516  26.00  0.060  6.411  1.090  1
1656.3035  39.00  0.011  1.374  1.900  1
1656.4201  26.00  0.050  6.398  1.260  1
1656.4708  20.00  0.030  5.273  1.500  1
1656.6289  26.00  0.122  5.979  0.750  1
1657.5227  23.00  0.205  2.115  0.740  1
1657.7538  22.00  0.010  5.253  1.390  1
1657.9800  26.00  0.016  5.621  0.690  1
1658.2593  26.00  0.029  5.067  1.420  1
1658.5913  26.00  0.035  5.921  1.160  1
1658.9011  28.00  0.016  5.305  1.100  1
1659.0582  26.00  0.064  5.621  1.320  1
1659.1708  22.00  0.011  5.219  0.990  1
1659.3971  28.00  0.020  5.469  0.500  1
1659.9524  22.00  0.044  1.734  0.490  1
1661.0120  22.00  0.044  1.749  1.500  1
1661.6656  20.00  0.012  4.131  1.500  1
1661.6744  26.00  0.031  3.397  1.160  1
1661.7299  26.00  0.057  6.398  1.120  1
1661.9710  22.00  0.011  4.489  1.510  1
1662.4278  26.00  0.059  5.587  1.450  1
1662.6978  19.00  0.013  3.397  1.100  1
1662.9423  12.00  0.015  6.726  99.000  1
1663.0354  20.00  0.232  4.554  1.250  1
1663.5096  20.00  0.063  4.554  0.750  1
1663.6078  20.00  0.012  5.273  1.500  1
1663.6563  12.00  0.024  6.726  99.000  1
1663.6774  12.00  0.024  6.726  99.000  1
1663.7047  26.00  0.080  5.874  1.360  1
1663.9705  22.00  0.337  2.345  1.320  1
1664.5862  22.00  0.015  5.235  1.100  1
1664.9044  39.00  0.052  2.295  0.820  1
1665.0421  26.00  0.089  5.956  1.080  1
1665.6936  26.00  0.018  6.342  1.810  1
1665.7347  26.00  0.017  6.342  1.680  1
1665.8071  26.00  0.073  5.979  0.040  1
1666.4295  26.00  0.016  6.342  1.510  1
1666.9940  26.00  0.020  5.106  1.460  1
1667.0034  26.00  0.077  6.017  0.970  1
1667.1326  26.00  0.011  6.342  1.340  1
1667.8261  28.00  0.018  6.035  1.020  1
1667.8642  22.00  0.020  4.475  1.510  1
1667.9225  24.00  0.028  4.389  1.200  1
1668.3717  26.00  0.028  5.921  1.750  1
1668.5326  14.00  0.038  5.984  1.330  1
1669.7632  26.00  0.026  6.417  0.550  1
1669.9101  24.00  0.030  3.668  1.670  1
1670.1980  13.00  0.011  4.827  99.000  1
1671.2526  25.00  0.016  5.133  1.360  1
1671.2682  23.00  0.012  4.664  1.180  1
1671.7935  23.00  0.015  4.681  1.150  1
1672.3524  13.00  0.486  4.085  99.000  1
1672.3639  26.00  0.051  5.874  1.740  1
1672.6030  26.00  0.012  6.380  1.180  1
1672.9102  22.00  0.057  1.739  1.490  1
1672.9254  26.00  0.018  6.380  1.290  1
1673.0009  26.00  0.013  6.380  1.560  1
1673.5505  23.00  0.016  4.703  1.010  1
1674.4495  22.00  0.023  4.465  1.460  1
1675.5140  13.00  0.520  4.087  99.000  1
1675.7641  26.00  0.069  6.380  1.030  1
1676.2220  27.00  0.138  3.409  1.190  1
1676.7939  13.00  0.376  4.087  99.000  1
1678.7621  26.00  0.012  6.299  1.540  1
1678.9569  22.00  0.025  1.734  1.500  1
1679.1170  26.00  0.014  6.347  0.590  1
1681.2026  26.00  0.013  5.828  1.850  1
1681.4367  22.00  0.019  4.458  1.500  1
1682.0066  28.00  0.027  5.305  1.250  1
1682.3340  28.00  0.019  6.040  1.100  1
1682.4848  26.00  0.010  5.966  0.890  1
1682.7286  26.00  0.023  5.112  1.410  1
1683.7650  26.00  0.021  5.956  0.740  1
1684.2477  26.00  0.016  6.411  1.140  1
1684.7829  26.00  0.012  5.874  0.430  1
1684.8479  26.00  0.012  6.350  1.280  1
1686.1046  26.00  0.032  6.350  1.300  1
1686.1740  26.00  0.065  5.946  1.010  1
1686.3128  26.00  0.048  6.350  1.270  1
1686.7172  22.00  0.044  4.654  0.670  1
1686.8037  26.00  0.012  6.306  1.260  1
1687.1891  28.00  0.044  5.469  0.820  1
1687.4558  26.00  0.015  6.411  1.600  1
1687.8725  26.00  0.029  6.351  0.970  1
1688.2304  22.00  0.051  4.669  1.100  1
1689.1792  22.00  0.052  4.690  1.230  1
1690.1586  24.00  0.039  3.668  1.170  1
1692.6752  24.00  0.011  4.402  1.500  1
1693.1865  13.00  0.017  4.994  99.000  1
1693.2235  26.00  0.022  6.427  1.100  1
1693.3247  26.00  0.016  5.921  1.220  1
1694.9859  28.00  0.011  5.363  1.110  1
1695.2046  20.00  0.218  5.300  1.130  1
1696.4383  22.00  0.049  4.458  0.000  1
1696.5476  19.00  0.175  3.397  99.000  1
1696.5476  19.00  0.016  3.397  99.000  1
1696.8557  19.00  0.141  3.397  99.000  1
1696.9838  22.00  0.065  4.465  1.010  1
1697.4545  26.00  0.084  5.946  1.240  1
1698.0330  22.00  0.088  4.475  1.240  1
1699.5721  22.00  0.024  5.273  1.090  1
1699.7249  22.00  0.109  4.489  1.340  1
1700.0907  28.00  0.108  5.305  0.980  1
1700.1272  27.00  0.076  3.530  0.850  1
1700.5669  28.00  0.065  5.488  1.110  1
1700.8975  39.00  0.020  1.356  2.110  1
1701.0095  26.00  0.073  6.066  0.660  1
1701.2135  26.00  0.010  6.417  1.380  1
1701.5742  26.00  0.105  5.946  1.300  1
1701.7375  26.00  0.018  5.956  1.120  1
1702.2682  22.00  0.125  4.507  1.410  1
1702.5389  26.00  0.016  5.067  1.320  1
1702.7493  22.00  0.011  5.253  1.090  1
1702.9822  22.00  0.021  4.398  1.110  1
1703.5742  11.00  0.048  3.617  99.000  1
1703.8312  26.00  0.021  6.394  0.170  1
1704.2395  23.00  0.030  2.678  1.280  1
1704.3054  11.00  0.031  3.617  99.000  1
1705.2307  26.00  0.041  6.417  1.390  1
1706.9548  26.00  0.014  6.565  1.210  1
1706.9927  26.00  0.016  6.325  1.470  1
1707.7488  26.00  0.033  5.067  1.460  1
1707.8708  22.00  0.018  4.389  1.040  1
1709.5852  22.00  0.016  4.690  1.110  1
1711.3304  12.00  0.417  5.394  99.000  1
1712.2654  22.00  0.021  4.465  1.540  1
1712.8491  39.00  0.139  1.398  1.330  1
1714.1786  26.00  0.023  6.398  1.500  1
1715.6352  26.00  0.016  6.398  1.330  1
1716.5791  26.00  0.071  6.017  1.140  1
1716.9000  22.00  0.013  4.382  0.920  1
1717.0890  26.00  0.024  5.946  1.590  1
1717.7825  13.00  0.010  4.993  99.000  1
1718.3645  20.00  0.052  5.321  1.000  1
1719.2636  13.00  0.016  4.994  99.000  1
1720.1670  20.00  0.048  5.018  1.250  1
1720.5011  26.00  0.010  6.365  1.390  1
1720.8775  20.00  0.032  5.018  1.750  1
1720.8997  26.00  0.060  6.017  1.000  1
1720.9118  26.00  0.011  6.365  1.560  1
1721.2062  20.00  0.012  5.018  2.000  1
1721.2110  22.00  0.027  4.475  1.480  1
1722.5645  20.00  0.012  5.300  1.000  1
1723.0108  20.00  0.013  5.300  1.330  1
1723.0275  14.00  0.012  6.619  1.150  1
1723.0732  20.00  0.032  5.300  1.000  1
1723.2351  11.00  0.209  4.284  99.000  1
1723.2351  11.00  0.026  4.284  99.000  1
1723.2455  11.00  0.177  4.284  99.000  1
1723.6936  26.00  0.010  5.828  1.290  1
1723.8042  20.00  0.051  5.300  1.170  1
1725.7598  20.00  0.011  5.273  1.250  1
1726.2279  26.00  0.020  6.323  1.640  1
1727.3013  20.00  0.082  5.045  1.000  1
1728.2129  20.00  0.021  5.300  1.000  1
1728.2198  26.00  0.015  6.319  1.360  1
1728.7011  26.00  0.035  6.427  0.550  1
1729.0111  20.00  0.029  5.300  1.130  1
1729.7836  26.00  0.012  6.319  1.420  1
1729.8365  26.00  0.011  6.323  1.800  1
1730.7030  26.00  0.083  6.066  0.730  1
1731.0682  22.00  0.024  4.489  1.480  1
1731.1245  28.00  0.015  5.488  0.900  1
1731.5577  26.00  0.010  6.321  1.600  1
1732.5239  20.00  0.098  5.228  0.830  1
1732.6272  20.00  0.015  5.229  0.920  1
1732.6272  20.00  0.115  5.229  1.000  1
1732.7677  20.00  0.015  5.229  1.150  1
1732.7677  20.00  0.133  5.229  1.100  1
1732.9467  25.00  0.017  5.853  1.230  1
1733.0797  20.00  0.075  5.168  1.010  1
1733.1104  22.00  0.080  2.396  0.670  1
1733.2008  14.00  0.032  6.616  1.040  1
1734.4032  25.00  0.011  5.854  1.180  1
1736.1214  20.00  0.010  5.049  1.000  1
1736.5745  20.00  0.037  5.168  1.000  1
1736.9648  26.00  0.016  6.017  1.220  1
1737.1459  39.00  0.063  2.003  1.060  1
1738.1323  22.00  0.125  4.489  1.130  1
1738.7851  22.00  0.111  4.475  1.030  1
1739.3268  22.00  0.133  4.507  1.120  1
1740.3844  22.00  0.023  2.396  1.500  1
1740.5332  26.00  0.012  6.370  1.530  1
1741.1656  22.00  0.095  4.465  0.820  1
1741.2272  12.00  0.032  6.719  99.000  1
1741.2291  12.00  0.049  6.719  99.000  1
1741.2291  12.00  0.028  6.719  99.000  1
1741.8969  22.00  0.014  4.507  1.570  1
1742.5583  26.00  0.116  3.882  1.250  1
1742.7596  39.00  0.172  1.374  1.210  1
1743.8397  26.00  0.032  6.411  1.340  1
1745.1514  22.00  0.076  4.458  0.510  1
1745.7348  20.00  0.170  5.321  1.000  1
1745.8607  26.00  0.012  6.411  1.770  1
1746.2347  26.00  0.040  5.956  1.170  1
1747.1631  24.00  0.016  4.402  1.150  1
1747.1650  14.00  0.011  6.619  0.980  1
1747.2071  26.00  0.053  5.106  1.550  1
1747.2373  26.00  0.073  3.884  1.140  1
1748.2790  26.00  0.016  6.639  1.250  1
1748.5418  26.00  0.029  6.639  1.110  1
1749.3325  26.00  0.013  6.639  1.150  1
1750.0866  25.00  0.055  4.425  1.690  1
1750.4760  26.00  0.024  5.956  0.860  1
1750.4950  23.00  0.017  2.575  1.420  1
1750.6102  20.00  0.017  4.878  1.170  1
1750.6770  24.00  0.016  6.053  1.280  1
1751.2813  26.00  0.013  5.106  1.140  1
1752.2918  26.00  0.049  3.368  1.310  1
1752.9083  26.00  0.022  6.691  0.810  1
1753.9530  26.00  0.013  6.642  1.210  1
1754.3426  26.00  0.012  5.720  1.660  1
1756.2942  20.00  0.253  5.026  1.000  1
1757.5242  26.00  0.021  6.727  0.680  1
1758.2594  26.00  0.011  6.380  1.320  1
1758.6703  26.00  0.028  6.380  1.110  1
1758.9426  26.00  0.013  6.547  1.190  1
1761.1438  25.00  0.071  4.429  1.940  1
1761.3501  26.00  0.040  6.455  0.260  1
1761.6120  26.00  0.017  6.417  1.510  1
1761.6540  24.00  0.015  3.698  1.590  1
1761.9050  22.00  0.018  4.465  0.690  1
1761.9335  26.00  0.018  6.455  0.380  1
1763.2402  22.00  0.013  2.408  1.470  1
1763.7801  22.00  0.018  4.074  1.020  1
1764.1840  26.00  0.019  3.882  1.500  1
1764.5003  26.00  0.024  5.112  1.600  1
1766.0864  20.00  0.090  5.026  1.000  1
1766.6802  22.00  0.020  4.475  1.080  1
1766.8116  39.00  0.160  1.356  0.810  1
1766.9214  24.00  0.016  2.708  1.680  1
1767.5455  20.00  0.016  5.300  1.170  1
1768.8746  26.00  0.051  6.336  1.110  1
1769.4308  26.00  0.028  6.336  1.370  1
1769.9337  26.00  0.023  6.579  1.340  1
1770.0769  26.00  0.038  5.946  1.350  1
1770.3928  13.00  0.101  4.673  99.000  1
1770.7699  22.00  0.091  2.408  1.080  1
1771.1450  26.00  0.055  6.579  1.350  1
1771.2909  13.00  0.064  4.673  99.000  1
1771.3567  24.00  0.178  4.389  1.290  1
1771.4164  26.00  0.025  6.419  1.480  1
1772.1972  26.00  0.018  6.342  1.800  1
1772.4064  20.00  0.075  5.321  1.000  1
1772.5927  26.00  0.067  6.580  1.140  1
1772.6213  26.00  0.033  6.579  0.760  1
1773.1446  20.00  0.016  5.300  0.750  1
1773.2943  26.00  0.042  6.579  0.940  1
1773.4411  22.00  0.016  4.489  1.250  1
1773.6582  20.00  0.022  5.300  1.000  1
1774.4925  20.00  0.029  5.300  1.130  1
1774.9335  25.00  0.081  4.435  1.360  1
1775.8536  12.00  0.018  6.726  99.000  1
1776.5079  26.00  0.012  6.727  1.470  1
1776.6906  12.00  0.029  6.726  99.000  1
1777.5976  26.00  0.107  5.946  1.250  1
1780.6813  22.00  0.027  2.408  1.520  1
1781.4093  26.00  0.015  6.703  0.920  1
1781.5512  20.00  0.013  5.321  1.000  1
1781.5832  26.00  0.019  6.450  0.170  1
1782.7314  23.00  0.080  1.869  0.860  1
1782.7378  26.00  0.018  6.280  1.210  1
1784.0952  26.00  0.024  6.703  1.400  1
1784.3279  20.00  0.024  5.741  1.000  1
1784.8251  26.00  0.032  6.017  1.040  1
1784.9977  26.00  0.016  6.427  1.410  1
1785.0815  26.00  0.035  6.427  0.550  1
1785.0838  26.00  0.056  5.921  1.150  1
1785.5348  26.00  0.012  6.427  0.930  1
1786.1758  20.00  0.109  5.250  1.000  1
1786.5291  26.00  0.030  6.703  1.350  1
1790.8123  39.00  0.315  1.430  1.190  1
1791.8135  22.00  0.040  4.241  1.240  1
1792.1956  26.00  0.014  6.394  1.620  1
1792.4308  26.00  0.022  6.394  0.330  1
1792.5291  21.00  0.016  4.286  1.170  1
1792.9408  20.00  0.014  5.273  1.250  1
1793.1250  26.00  0.013  6.742  1.340  1
1793.5051  26.00  0.103  5.874  1.270  1
1793.7496  26.00  0.034  6.455  0.310  1
1794.2697  26.00  0.081  5.921  0.910  1
1794.2762  24.00  0.043  3.698  1.250  1
1794.3985  19.00  0.152  3.063  99.000  1
1795.7448  21.00  0.012  4.275  1.080  1
1796.0935  26.00  0.028  6.742  1.240  1
1797.3021  26.00  0.017  6.590  1.470  1
1797.6895  26.00  0.017  6.591  1.830  1
1797.7803  22.00  0.031  4.225  1.090  1
1798.7219  26.00  0.018  6.590  1.720  1
1799.0637  26.00  0.019  6.591  1.500  1
1799.1446  28.00  0.037  6.095  1.080  1
1799.2407  23.00  0.150  1.893  1.100  1
1799.8230  26.00  0.038  6.590  1.410  1
1800.4584  19.00  0.222  3.065  99.000  1
1800.4863  26.00  0.018  6.591  1.420  1
1800.6766  24.00  0.157  3.550  1.120  1
1800.6928  26.00  0.078  6.592  1.080  1
1801.0755  26.00  0.030  6.590  1.110  1
1801.5895  26.00  0.014  6.591  1.070  1
1801.8771  26.00  0.016  6.590  1.310  1
1801.9596  28.00  0.016  6.283  0.910  1
1803.0178  22.00  0.026  4.213  0.650  1
1803.1852  26.00  0.021  6.398  1.300  1
1803.2025  26.00  0.010  6.590  0.610  1
1803.2772  11.00  0.239  4.284  99.000  1
1803.2772  11.00  0.037  4.284  99.000  1
1803.2886  11.00  0.207  4.284  99.000  1
1803.4233  26.00  0.033  6.398  1.280  1
1803.4710  19.00  0.023  3.397  99.000  1
1804.2916  24.00  0.263  3.011  1.270  1
1804.3476  24.00  0.083  4.402  1.570  1
1804.3822  19.00  0.013  3.397  99.000  1
1804.5769  28.00  0.032  6.097  0.950  1
1804.6107  24.00  0.019  2.708  1.210  1
1804.6177  23.00  0.026  2.684  0.600  1
1805.4742  39.00  0.292  1.398  1.070  1
1805.5085  26.00  0.014  6.565  1.200  1
1805.6288  26.00  0.015  6.592  1.310  1
1805.7285  26.00  0.012  6.367  1.280  1
1806.8378  39.00  0.053  1.983  0.850  1
1807.1631  26.00  0.027  6.592  1.260  1
1807.8625  26.00  0.032  6.592  1.290  1
1808.0371  26.00  0.056  3.274  0.620  1
1808.9365  23.00  0.080  1.869  1.280  1
1808.9889  26.00  0.040  6.351  1.120  1
1809.5706  26.00  0.016  6.351  1.370  1
1809.8087  26.00  0.031  6.663  1.230  1
1809.8751  24.00  0.020  2.710  1.740  1
1810.0042  24.00  0.073  3.013  1.830  1
1810.1235  26.00  0.061  6.663  1.080  1
1810.3420  26.00  0.013  6.664  1.280  1
1811.3143  26.00  0.027  6.367  1.280  1
1811.3355  24.00  0.197  3.013  1.610  1
1811.9162  28.00  0.014  6.287  1.300  1
1812.0242  39.00  0.262  1.374  0.890  1
1812.1707  26.00  0.010  6.664  1.250  1
1812.2584  26.00  0.022  6.664  1.150  1
1813.3027  26.00  0.023  6.664  0.740  1
1814.2321  26.00  0.028  6.715  1.150  1
1814.5494  24.00  0.015  3.556  2.060  1
1814.6110  26.00  0.010  6.715  1.110  1
1815.0069  20.00  0.016  5.273  1.170  1
1815.4667  24.00  0.094  3.556  1.370  1
1815.7767  26.00  0.020  6.582  1.320  1
1816.0630  26.00  0.037  6.582  1.380  1
1817.1784  20.00  0.020  5.321  1.000  1
1818.2843  11.00  0.064  4.345  99.000  1
1818.6729  39.00  0.233  1.356  0.500  1
1819.1013  11.00  0.099  4.345  99.000  1
1819.1013  11.00  0.016  4.345  99.000  1
1819.2519  26.00  0.021  6.667  1.240  1
1819.4899  26.00  0.049  6.667  0.810  1
1819.8799  22.00  0.011  2.427  1.520  1
1820.3928  26.00  0.012  6.667  1.140  1
1821.0117  24.00  0.018  2.987  1.670  1
1822.2172  21.00  0.034  2.509  1.030  1
1822.9161  26.00  0.068  6.017  1.330  1
1823.3648  19.00  0.070  3.063  0.830  1
1823.9954  71.00  0.347  0.247  1.100  1
1824.2811  24.00  0.120  4.402  1.240  1
1826.5618  22.00  0.011  4.901  0.880  1
1828.0111  24.00  0.017  4.410  1.780  1
1828.1215  28.00  0.012  6.109  0.850  1
1828.1679  26.00  0.045  6.756  0.960  1
1828.7089  22.00  0.126  1.749  0.660  1
1828.9497  14.00  0.011  6.083  1.480  1
1829.6223  19.00  0.017  3.065  1.070  1
1829.7910  19.00  0.108  3.065  1.100  1
1829.8309  20.00  0.015  5.321  1.000  1
1829.8647  39.00  0.110  1.305  0.920  1
1830.0147  24.00  0.045  5.237  1.170  1
1830.3503  22.00  0.116  2.427  1.260  1
1830.5225  24.00  0.066  5.237  2.170  1
1830.6462  20.00  0.113  5.049  1.000  1
1830.7112  24.00  0.062  5.237  2.000  1
1830.7725  22.00  0.022  3.678  0.740  1
1831.1862  20.00  0.049  5.741  1.330  1
1831.3408  23.00  0.202  1.931  1.340  1
1832.5020  26.00  0.010  5.742  1.160  1
1832.6105  22.00  0.011  4.915  1.110  1
1832.7001  28.00  0.010  6.109  1.270  1
1834.0857  24.00  0.032  2.709  1.270  1
1834.4962  26.00  0.040  2.692  0.880  1
1834.6066  24.00  0.091  5.239  1.250  1
1835.3891  24.00  0.078  5.239  1.840  1
1835.7446  26.00  0.035  6.605  1.280  1
1835.8999  24.00  0.038  5.239  1.830  1
1836.4583  26.00  0.014  6.674  1.420  1
1836.5608  26.00  0.056  6.725  1.000  1
1836.8701  20.00  0.020  5.300  0.750  1
1837.1158  26.00  0.094  6.605  1.070  1
1837.1506  24.00  0.011  2.710  2.760  1
1837.4385  20.00  0.028  5.300  1.000  1
1837.6138  11.00  0.012  4.345  99.000  1
1837.9394  12.00  0.013  6.588  99.000  1
1837.9548  12.00  0.070  6.588  99.000  1
1838.3262  20.00  0.038  5.300  1.130  1
1838.4482  11.00  0.022  4.345  99.000  1
1838.4834  26.00  0.029  6.615  1.010  1
1838.7159  22.00  0.023  1.460  1.740  1
1839.7484  26.00  0.139  4.913  1.460  1
1839.9647  24.00  0.128  5.241  1.300  1
1840.0950  26.00  0.010  6.674  0.650  1
1841.1900  26.00  0.076  6.675  1.090  1
1841.2981  20.00  0.030  5.741  1.170  1
1841.3432  22.00  0.025  3.709  0.890  1
1841.5087  22.00  0.050  3.724  1.110  1
1841.7085  24.00  0.065  5.241  1.700  1
1841.9093  22.00  0.035  3.716  1.000  1
1841.9442  26.00  0.100  5.874  0.830  1
1841.9541  26.00  0.028  6.066  1.700  1
1842.1838  28.00  0.013  6.114  1.140  1
1842.3596  28.00  0.011  6.114  1.330  1
1842.4020  26.00  0.042  5.946  1.340  1
1842.4971  24.00  0.017  5.241  1.750  1
1842.7609  14.00  0.015  6.616  1.370  1
1843.0869  22.00  0.021  4.933  1.100  1
1843.8948  26.00  0.023  6.675  1.210  1
1844.6808  26.00  0.047  6.606  1.130  1
1844.8255  22.00  0.013  4.933  1.130  1
1845.3095  26.00  0.039  6.606  1.190  1
1845.4066  28.00  0.013  6.302  1.060  1
1845.4097  26.00  0.041  6.606  1.320  1
1845.9789  23.00  0.090  1.893  1.450  1
1847.0432  11.00  0.665  3.617  99.000  1
1847.0432  11.00  0.500  3.617  99.000  1
1847.0522  11.00  0.649  3.617  99.000  1
1847.2491  28.00  0.012  6.116  0.940  1
1847.9346  26.00  0.016  6.450  0.310  1
1848.4521  28.00  0.025  6.117  1.090  1
1848.4726  24.00  0.089  4.410  1.630  1
1848.9223  20.00  0.125  5.228  0.830  1
1849.0399  20.00  0.022  5.229  0.920  1
1849.0399  20.00  0.144  5.229  1.000  1
1849.2000  20.00  0.022  5.229  1.150  1
1849.2000  20.00  0.162  5.229  1.100  1
1849.2742  20.00  0.021  5.741  0.500  1
1849.5338  26.00  0.011  6.450  1.470  1
1849.8557  22.00  0.027  3.691  1.000  1
1850.1169  26.00  0.049  6.764  0.990  1
1850.3784  23.00  0.012  2.575  0.840  1
1851.2941  26.00  0.016  6.680  1.690  1
1852.2367  26.00  0.059  6.680  1.110  1
1852.5469  26.00  0.020  6.419  1.460  1
1852.7961  26.00  0.010  6.728  1.150  1
1852.8915  26.00  0.144  3.017  0.980  1
1853.0272  26.00  0.024  5.946  1.630  1
1853.3754  26.00  0.021  2.728  0.750  1
1854.2057  22.00  0.048  1.739  0.320  1
1855.0233  26.00  0.015  6.680  1.100  1
1856.1929  26.00  0.011  6.453  1.420  1
1858.0995  26.00  0.035  6.367  1.500  1
1858.5906  26.00  0.028  6.370  1.430  1
1858.9842  24.00  0.286  4.574  1.380  1
1860.1114  22.00  0.016  2.487  1.240  1
1861.4982  26.00  0.011  6.455  0.500  1
1862.9276  26.00  0.011  5.946  1.200  1
1862.9873  19.00  0.216  3.397  99.000  1
1862.9873  19.00  0.023  3.397  99.000  1
1863.3588  19.00  0.186  3.397  0.900  1
1864.1729  24.00  0.032  4.416  1.890  1
1864.2727  26.00  0.095  4.956  1.510  1
1866.2764  24.00  0.267  4.574  1.960  1
1866.3095  26.00  0.015  6.474  1.700  1
1866.5926  24.00  0.060  4.410  1.020  1
1866.7889  26.00  0.025  6.367  1.430  1
1867.4614  26.00  0.013  6.647  1.330  1
1868.0838  26.00  0.073  6.615  1.040  1
1868.6975  26.00  0.010  6.453  1.920  1
1869.2665  26.00  0.019  6.615  1.190  1
1870.0149  26.00  0.012  6.615  1.220  1
1870.9144  21.00  0.029  2.509  0.930  1
1871.4809  22.00  0.013  1.430  0.840  1
1871.8459  26.00  0.019  3.546  1.260  1
1871.8663  24.00  0.242  4.574  1.670  1
1872.5084  39.00  0.012  2.406  0.940  1
1872.5692  11.00  0.121  4.116  99.000  1
1872.7984  14.00  0.038  6.099  1.500  1
1872.8323  11.00  0.075  4.116  99.000  1
1872.9713  25.00  0.018  5.875  1.280  1
1874.0911  23.00  0.017  1.893  2.110  1
1876.2025  22.00  0.019  3.709  1.100  1
1876.3078  26.00  0.013  6.620  1.350  1
1877.8049  26.00  0.016  6.620  1.380  1
1877.8637  26.00  0.108  6.325  1.170  1
1879.1231  22.00  0.016  1.443  1.170  1
1879.1775  20.00  0.012  5.321  1.000  1
1879.3548  26.00  0.017  6.620  1.300  1
1881.1327  22.00  0.024  1.749  1.370  1
1882.3150  26.00  0.015  6.427  1.490  1
1882.5744  26.00  0.023  6.427  0.710  1
1882.6029  24.00  0.071  4.416  1.980  1
1882.7995  26.00  0.022  6.620  0.910  1
1883.7891  11.00  0.082  4.345  99.000  1
1884.0435  22.00  0.012  4.901  0.670  1
1884.6661  11.00  0.120  4.345  99.000  1
1884.6661  11.00  0.022  4.345  99.000  1
1885.1364  26.00  0.011  6.691  1.210  1
1886.1793  26.00  0.387  4.076  1.170  1
1887.1193  26.00  0.011  6.691  1.470  1
1887.3455  22.00  0.013  1.460  1.300  1
1887.4943  24.00  0.081  3.011  2.010  1
1888.3470  26.00  0.011  6.691  0.970  1
1888.9291  26.00  0.023  6.453  1.310  1
1889.0062  26.00  0.029  6.419  1.340  1
1889.2678  26.00  0.015  6.380  1.360  1
1889.4544  26.00  0.014  6.461  1.020  1
1890.2777  12.00  0.195  5.932  99.000  1
1890.4911  24.00  0.038  4.419  2.460  1
1890.6319  26.00  0.057  3.929  1.000  1
1891.0648  26.00  0.044  6.441  0.640  1
1891.2558  20.00  0.012  5.272  1.750  1
1891.9600  14.00  0.014  6.079  1.470  1
1892.0040  22.00  0.029  1.430  1.000  1
1892.2445  24.00  0.147  3.013  1.670  1
1892.6920  12.00  0.129  5.933  99.000  1
1893.0664  20.00  0.362  4.735  0.750  1
1893.2370  22.00  0.011  4.915  1.070  1
1893.6999  24.00  0.132  3.013  1.260  1
1893.9803  26.00  0.083  3.274  1.390  1
1894.0797  20.00  0.021  5.273  1.250  1
1894.7231  26.00  0.083  4.988  1.490  1
1896.0376  12.00  0.039  6.779  99.000  1
1896.0376  12.00  0.032  6.779  99.000  1
1897.5328  20.00  0.385  4.739  1.000  1
1897.5433  20.00  0.121  5.168  1.000  1
1897.5559  20.00  0.021  5.321  1.000  1
1899.2191  26.00  0.337  4.143  0.980  1
1900.5156  23.00  0.086  1.955  1.070  1
1900.9607  26.00  0.023  6.333  1.550  1
1901.5459  26.00  0.042  2.559  1.370  1
1902.4246  23.00  0.070  1.931  1.450  1
1902.5872  22.00  0.018  3.718  0.880  1
1902.6929  20.00  0.243  4.739  0.920  1
1902.9380  22.00  0.012  4.933  1.230  1
1903.5955  14.00  0.012  6.083  1.500  1
1905.1379  20.00  0.405  4.744  1.130  1
1908.7226  20.00  0.027  5.273  1.170  1
1908.9150  20.00  0.012  5.272  0.940  1
1910.0113  26.00  0.017  3.635  0.500  1
1910.0836  20.00  0.138  5.250  1.000  1
1910.1062  22.00  0.022  1.443  1.160  1
1910.1704  26.00  0.042  5.874  0.440  1
1911.4878  20.00  0.021  4.532  1.500  1
1911.6804  11.00  0.016  4.345  99.000  1
1911.8887  26.00  0.299  4.186  0.770  1
1912.0477  20.00  0.240  4.744  1.210  1
1912.5836  11.00  0.029  4.345  99.000  1
1912.7031  26.00  0.051  6.426  1.000  1
1912.9702  26.00  0.012  6.619  1.210  1
1916.5071  24.00  0.046  3.556  1.010  1
1916.6120  26.00  0.011  6.017  1.490  1
1917.2871  20.00  0.031  4.744  2.000  1
1917.4139  26.00  0.014  6.440  1.390  1
1917.5294  24.00  0.054  3.556  1.030  1
1918.1359  26.00  0.017  5.720  1.230  1
1919.8696  22.00  0.011  3.709  0.830  1
1919.9361  12.00  0.062  6.719  99.000  1
1919.9500  12.00  0.041  6.719  99.000  1
1919.9721  12.00  0.037  6.719  99.000  1
1920.2895  22.00  0.013  5.472  1.110  1
1920.7620  26.00  0.013  6.066  1.270  1
1921.8067  26.00  0.019  6.619  1.410  1
1921.8141  22.00  0.013  3.716  1.000  1
1921.9570  22.00  0.014  3.724  1.080  1
1925.9955  20.00  0.315  3.910  1.500  1
1926.3725  26.00  0.015  6.367  1.540  1
1926.4512  26.00  0.016  6.325  1.350  1
1926.5714  26.00  0.054  5.010  1.500  1
1927.0827  26.00  0.056  6.400  1.110  1
1928.4804  11.00  0.282  4.284  99.000  1
1928.4804  11.00  0.060  4.284  99.000  1
1928.4934  11.00  0.253  4.284  99.000  1
1928.5406  13.00  0.014  4.993  99.000  1
1928.8564  14.00  0.013  6.083  1.530  1
1929.6775  22.00  0.012  4.854  0.760  1
1930.7401  13.00  0.025  4.994  99.000  1
1930.9239  20.00  0.027  5.300  0.750  1
1931.4494  20.00  0.824  1.879  0.500  1
1931.5218  20.00  0.037  5.300  1.000  1
1932.3836  22.00  0.020  4.862  1.010  1
1932.4993  20.00  0.050  5.300  1.130  1
1933.9203  22.00  0.026  4.873  1.140  1
1934.0426  26.00  0.088  3.943  1.080  1
1934.1810  22.00  0.018  5.094  0.860  1
1934.5439  26.00  0.073  6.370  1.210  1
1935.9532  26.00  0.010  6.639  1.320  1
1936.1763  22.00  0.035  4.887  1.210  1
1938.3301  26.00  0.013  6.639  1.220  1
1938.4285  26.00  0.016  2.692  1.300  1
1939.1232  14.00  0.020  6.079  0.510  1
1939.4703  20.00  0.047  5.168  1.000  1
1939.8247  22.00  0.110  2.472  0.750  1
1939.8638  26.00  0.019  6.639  0.970  1
1939.9293  26.00  0.024  6.368  1.330  1
1940.8186  26.00  0.028  6.367  1.380  1
1943.0564  12.00  0.042  6.431  99.000  1
1943.5535  12.00  0.028  6.431  99.000  1
1943.7956  12.00  0.011  6.431  99.000  1
1943.8277  14.00  0.035  6.083  0.980  1
1944.0847  24.00  0.057  3.010  2.510  1
1944.8519  11.00  0.017  4.288  99.000  1
1944.8519  11.00  0.012  4.288  99.000  1
1945.6729  23.00  0.011  1.945  1.200  1
1945.8293  20.00  0.833  1.886  0.990  1
1946.9256  26.00  0.011  6.440  0.320  1
1947.2229  26.00  0.017  3.943  1.510  1
1947.2957  26.00  0.013  6.450  1.860  1
1947.5103  26.00  0.032  6.370  1.370  1
1947.6776  24.00  0.086  3.011  2.000  1
1948.0805  26.00  0.049  3.017  1.660  1
1948.6644  23.00  0.021  2.130  1.460  1
1948.9667  26.00  0.054  6.333  1.460  1
1949.6165  26.00  0.019  6.017  1.160  1
1949.8689  14.00  0.012  6.125  1.270  1
1951.1064  20.00  0.815  1.886  1.000  1
1951.1430  14.00  0.012  6.099  1.510  1
1951.2957  26.00  0.015  6.426  1.130  1
1951.3478  14.00  0.016  6.083  1.020  1
1951.4636  26.00  0.020  6.426  1.110  1
1952.7360  24.00  0.040  3.013  1.010  1
1953.8608  26.00  0.022  6.368  1.300  1
1954.5539  26.00  0.016  6.409  0.600  1
1957.7839  26.00  0.026  6.400  1.300  1
1958.8036  26.00  0.019  6.401  1.550  1
1959.0043  26.00  0.021  5.010  1.510  1
1959.1517  23.00  0.063  1.950  1.060  1
1959.8086  26.00  0.075  4.988  1.500  1
1961.6905  26.00  0.023  3.252  1.330  1
1961.8510  26.00  0.046  6.325  1.390  1
1961.9804  26.00  0.025  6.401  1.120  1
1963.3135  22.00  0.132  2.778  1.000  1
1964.0670  26.00  0.180  4.956  1.510  1
1964.4791  26.00  0.014  6.401  1.610  1
1965.8280  22.00  0.029  2.480  0.910  1
1967.3000  24.00  0.020  3.556  0.530  1
1967.6224  26.00  0.013  3.252  1.120  1
1970.1188  22.00  0.011  4.849  0.030  1
1970.6274  39.00  0.012  2.406  1.290  1
1971.1638  22.00  0.014  4.854  1.010  1
1971.7177  23.00  0.185  2.138  1.260  1
1972.3874  12.00  0.013  6.726  99.000  1
1972.4379  22.00  0.019  4.862  1.240  1
1972.6784  23.00  0.088  2.638  1.120  1
1972.7893  14.00  0.048  6.099  1.160  1
1972.8925  12.00  0.024  6.726  99.000  1
1973.3507  39.00  0.067  1.374  1.210  1
1973.5941  22.00  0.026  4.873  1.330  1
1973.9258  12.00  0.039  6.726  99.000  1
1974.5637  22.00  0.034  4.887  1.380  1
1975.1920  22.00  0.132  2.480  1.010  1
1975.2634  26.00  0.025  3.301  1.170  1
1978.2171  20.00  0.836  1.899  1.150  1
1978.3720  20.00  0.261  4.554  1.010  1
1978.6038  26.00  0.015  6.400  1.200  1
1979.7268  26.00  0.194  4.913  1.500  1
1980.2256  11.00  0.104  4.345  99.000  1
1980.9939  26.00  0.021  0.859  1.400  1
1981.1946  11.00  0.147  4.345  99.000  1
1981.1946  11.00  0.030  4.345  99.000  1
1982.0427  20.00  0.464  4.624  1.000  1
1983.0068  26.00  0.020  3.635  1.000  1
1985.0998  24.00  0.031  5.075  1.780  1
1985.2066  26.00  0.054  6.333  1.190  1
1985.8512  20.00  0.599  3.910  1.250  1
1986.2946  22.00  0.011  3.407  1.350  1
1986.7614  20.00  0.809  1.899  1.330  1
1988.7046  26.00  0.014  6.409  1.530  1
1992.2632  20.00  0.745  1.899  2.000  1
1992.8783  26.00  0.051  5.020  1.520  1
1993.4324  14.00  0.014  6.099  1.330  1
1993.9170  20.00  0.572  3.910  1.750  1
1995.4906  26.00  0.022  5.357  0.490  1
1996.7282  20.00  0.514  3.910  2.000  1
1997.5514  26.00  0.035  3.640  0.990  1
1997.6452  20.00  0.030  5.321  1.000  1
1998.3613  23.00  0.026  2.122  1.510  1
1998.6949  26.00  0.041  3.960  0.740  1
1999.2962  22.00  0.117  3.104  1.070  1
2000.0560  23.00  0.011  4.642  1.400  1
2000.4441  23.00  0.042  1.945  0.930  1
2002.9287  26.00  0.095  5.946  1.250  1
2003.0647  27.00  0.012  3.530  1.400  1
2004.2518  20.00  0.178  4.430  0.880  1
2005.0326  39.00  0.010  1.374  1.120  1
2006.0115  24.00  0.045  5.081  1.880  1
2009.7533  26.00  0.030  6.368  1.430  1
2012.3721  22.00  0.051  1.879  0.640  1
2015.8372  26.00  0.012  3.071  1.980  1
2017.5714  39.00  0.064  1.398  1.480  1
2017.9768  24.00  0.150  2.708  1.370  1
2018.5449  24.00  0.155  2.709  1.510  1
2020.4779  20.00  0.054  5.273  1.170  1
2020.8415  24.00  0.117  2.709  1.840  1
2021.3021  20.00  0.031  5.272  0.990  1
2021.5687  24.00  0.301  2.708  1.630  1
2022.2569  24.00  0.073  2.710  2.510  1
2023.1080  11.00  0.036  4.345  99.000  1
2023.1526  22.00  0.029  2.495  1.210  1
2023.5992  23.00  0.026  1.942  0.500  1
2023.6332  20.00  0.016  5.271  0.500  1
2024.1190  11.00  0.063  4.345  99.000  1
2024.4435  24.00  0.236  2.709  1.490  1
2024.5280  20.00  0.012  5.273  1.330  1
2024.5626  24.00  0.218  2.710  1.500  1
2024.7055  23.00  0.152  2.130  1.150  1
2025.2164  20.00  0.012  5.272  1.000  1
2028.6622  26.00  0.076  5.010  1.510  1
2028.8852  26.00  0.013  6.427  1.590  1
2030.6802  24.00  0.060  5.089  1.280  1
2032.3923  23.00  0.074  2.616  0.900  1
2035.5269  26.00  0.114  4.186  0.910  1
2036.1009  22.00  0.149  2.495  1.120  1
2037.2864  23.00  0.019  2.115  1.420  1
2039.8826  22.00  0.099  3.108  1.000  1
2040.1148  13.00  0.020  4.827  99.000  1
2041.1554  26.00  0.024  5.348  0.820  1
2041.6780  22.00  0.021  1.873  0.320  1
2042.0111  13.00  0.027  4.827  99.000  1
2047.3201  20.00  0.329  4.443  0.950  1
2049.9633  20.00  0.159  5.228  0.830  1
2050.1079  20.00  0.177  5.229  1.000  1
2050.1079  20.00  0.036  5.229  0.920  1
2050.3046  20.00  0.036  5.229  1.150  1
2050.3046  20.00  0.195  5.229  1.100  1
2051.2282  20.00  0.028  4.131  0.500  1
2052.7183  12.00  0.026  6.981  99.000  1
2054.2347  20.00  0.013  5.832  1.000  1
2056.2001  20.00  0.019  5.272  1.750  1
2058.8798  23.00  0.051  2.365  0.920  1
2059.5384  20.00  0.028  5.273  1.250  1
2062.0844  26.00  0.011  6.401  1.500  1
2063.3532  23.00  0.126  2.122  0.960  1
2063.5316  26.00  0.109  5.946  0.920  1
2063.7428  12.00  0.216  6.118  99.000  1
2068.2985  26.00  0.074  6.066  1.500  1
2069.0941  19.00  0.038  3.397  99.000  1
2070.3963  26.00  0.111  4.988  1.510  1
2070.6964  19.00  0.022  3.397  99.000  1
2072.2597  26.00  0.058  6.017  1.080  1
2072.8791  26.00  0.020  6.409  1.010  1
2073.7917  26.00  0.010  6.835  0.900  1
2073.9233  22.00  0.081  3.111  0.830  1
2074.2511  26.00  0.038  6.066  0.690  1
2078.4401  38.00  0.018  4.306  99.000  1
2080.2078  20.00  0.042  5.300  0.750  1
2080.4731  26.00  0.070  3.984  0.670  1
2080.9251  20.00  0.056  5.300  1.000  1
2081.7243  23.00  0.061  2.332  0.780  1
2082.0390  20.00  0.073  5.300  1.130  1
2083.7201  39.00  0.089  1.408  1.130  1
2083.9112  12.00  0.022  6.981  99.000  1
2084.6493  26.00  0.093  6.017  1.110  1
2087.5040  23.00  0.016  2.505  0.580  1
2088.4958  39.00  0.046  1.398  1.290  1
2089.2267  23.00  0.108  2.115  0.570  1
2091.4508  23.00  0.014  2.130  1.460  1
2092.2861  14.00  0.013  6.727  0.830  1
2092.3049  19.00  0.015  3.404  99.000  1
2092.7533  20.00  0.019  4.680  2.000  1
2094.3619  20.00  0.135  4.681  1.330  1
2096.2115  20.00  0.135  4.680  1.000  1
2096.8132  20.00  0.253  4.681  1.170  1
2097.8254  20.00  0.210  4.681  1.000  1
2097.9103  20.00  0.153  4.680  0.500  1
2099.6767  26.00  0.067  4.143  1.200  1
2106.6460  12.00  0.037  6.779  99.000  1
2106.6640  12.00  0.044  6.779  99.000  1
2106.6840  12.00  0.053  6.779  99.000  1
2107.1307  23.00  0.084  2.379  1.280  1
2109.8787  13.00  0.351  4.085  99.000  1
2111.9668  20.00  0.141  5.045  1.000  1
2113.0249  26.00  0.026  5.334  0.710  1
2114.7291  22.00  0.035  4.873  1.100  1
2115.5407  22.00  0.041  4.887  1.170  1
2115.8079  22.00  0.028  4.862  1.000  1
2116.6485  23.00  0.012  2.122  1.470  1
2116.9532  13.00  0.392  4.087  99.000  1
2117.8548  20.00  0.026  5.833  1.330  1
2118.3936  26.00  0.122  3.017  1.830  1
2119.1047  22.00  0.023  4.854  0.840  1
2123.9454  12.00  0.020  6.981  99.000  1
2124.4264  26.00  0.068  4.956  1.500  1
2124.4557  22.00  0.017  4.849  -0.170  1
2125.2616  20.00  0.192  5.250  1.000  1
2126.6252  39.00  0.206  1.430  1.330  1
2128.1676  26.00  0.014  3.301  1.460  1
2128.9596  21.00  0.068  1.987  1.080  1
2129.0158  26.00  0.072  3.071  2.020  1
2129.3359  23.00  0.011  2.505  1.620  1
2130.1101  20.00  0.015  5.832  1.170  1
2131.4427  22.00  0.032  3.890  0.750  1
2132.9600  11.00  0.148  4.345  99.000  1
2134.0850  11.00  0.193  4.345  99.000  1
2134.0850  11.00  0.051  4.345  99.000  1
2134.8973  24.00  0.012  5.241  1.330  1
2136.0027  14.00  0.021  6.223  0.990  1
2139.8270  20.00  0.011  5.832  0.500  1
2145.8070  11.00  0.296  4.284  99.000  1
2145.8070  11.00  0.077  4.284  99.000  1
2145.8230  11.00  0.269  4.284  99.000  1
2146.4720  12.00  0.016  6.516  99.000  1
2149.0772  21.00  0.016  1.433  1.940  1
2149.5438  26.00  0.042  5.946  0.520  1
2151.3380  20.00  0.016  6.007  1.000  1
2152.9253  20.00  0.161  5.447  1.000  1
2153.8699  22.00  0.038  3.904  1.050  1
2156.9496  20.00  0.048  5.321  1.000  1
2156.9947  23.00  0.223  2.505  1.260  1
2157.8278  39.00  0.018  1.408  1.100  1
2158.0062  39.00  0.075  1.374  1.540  1
2163.1163  21.00  0.010  1.996  1.140  1
2164.0010  21.00  0.017  1.428  2.040  1
2166.3412  22.00  0.010  4.915  1.110  1
2167.3120  11.00  0.024  4.288  99.000  1
2167.3120  11.00  0.018  4.288  99.000  1
2170.4686  24.00  0.015  3.839  0.990  1
2173.6437  21.00  0.213  1.440  1.340  1
2174.1390  26.00  0.010  6.175  1.660  1
2176.6960  12.00  0.018  6.981  99.000  1
2177.3552  22.00  0.096  2.578  0.610  1
2178.5595  26.00  0.012  3.640  1.330  1
2178.8496  22.00  0.011  4.933  1.200  1
2178.8890  22.00  0.525  1.749  1.290  1
2181.2487  21.00  0.044  1.996  1.030  1
2181.8007  21.00  0.215  1.433  1.180  1
2182.2435  23.00  0.032  2.359  0.940  1
2183.9783  21.00  0.015  2.001  1.340  1
2184.8802  21.00  0.073  1.428  0.680  1
2185.7345  26.00  0.048  3.642  1.160  1
2187.2046  22.00  0.044  3.921  1.200  1
2190.0959  26.00  0.021  6.144  1.650  1
2190.3368  22.00  0.480  1.739  1.160  1
2194.8630  19.00  0.269  3.397  1.070  1
2194.8630  19.00  0.043  3.397  1.030  1
2195.3786  19.00  0.226  3.397  99.000  1
2196.6802  20.00  0.027  4.735  1.500  1
2197.5076  20.00  0.081  4.735  0.500  1
2201.0516  22.00  0.407  1.734  1.000  1
2203.0265  21.00  0.044  1.433  1.080  1
2205.3290  11.00  0.038  4.345  99.000  1
2205.8159  21.00  0.435  1.448  1.140  1
2206.2420  11.00  0.651  3.191  99.000  1
2206.5310  11.00  0.064  4.345  99.000  1
2207.1255  21.00  0.399  1.440  1.130  1
2207.2901  27.00  0.023  3.409  1.640  1
2208.3494  20.00  0.021  4.739  1.500  1
2208.9690  11.00  0.623  3.191  99.000  1
2209.6527  20.00  0.103  4.739  1.170  1
2209.7543  23.00  0.190  2.505  1.930  1
2210.4899  20.00  0.035  4.739  1.500  1
2211.5674  20.00  0.085  6.023  1.000  1
2211.7141  20.00  0.038  5.271  0.500  1
2211.7537  20.00  0.069  5.272  1.000  1
2211.8403  20.00  0.148  5.168  1.000  1
2213.0504  20.00  0.101  5.273  1.170  1
2213.2448  20.00  0.047  5.447  1.000  1
2213.6054  20.00  0.030  5.272  1.000  1
2215.6167  20.00  0.030  5.273  1.330  1
2218.4208  26.00  0.015  5.793  1.460  1
2220.8700  21.00  0.016  1.428  1.780  1
2221.3189  21.00  0.218  1.428  0.720  1
2221.7300  22.00  0.427  1.734  2.080  1
2223.8926  22.00  0.440  1.739  1.660  1
2223.9024  19.00  0.040  3.743  99.000  1
2224.1498  19.00  0.024  3.743  99.000  1
2226.3182  26.00  0.128  5.064  1.010  1
2226.6255  26.00  0.095  5.086  0.740  1
2227.2806  21.00  0.332  1.428  0.500  1
2228.0101  22.00  0.418  1.749  1.580  1
2228.0334  20.00  0.130  4.744  1.330  1
2228.4043  20.00  0.101  5.018  1.250  1
2229.3601  20.00  0.034  4.744  1.500  1
2230.4431  20.00  0.075  5.018  1.750  1
2231.4311  20.00  0.033  5.018  2.000  1
2231.6706  22.00  0.375  1.734  2.500  1
2231.7678  56.00  0.493  1.120  2.010  1
2236.9113  19.00  0.017  3.487  99.000  1
2238.1284  26.00  0.011  5.844  1.350  1
2238.6905  26.00  0.168  5.033  1.060  1
2239.1211  26.00  0.029  5.320  0.950  1
2239.6216  21.00  0.138  1.433  1.110  1
2239.8990  26.00  0.058  5.099  -0.010  1
2240.0781  21.00  0.371  1.433  1.020  1
2242.6095  26.00  0.024  6.218  1.520  1
2243.3898  19.00  0.034  3.743  99.000  1
2243.6415  19.00  0.020  3.743  99.000  1
2245.0051  22.00  0.316  1.739  1.910  1
2246.2133  20.00  0.062  5.026  1.000  1
2247.9397  26.00  0.077  6.119  1.590  1
2249.3949  23.00  0.152  2.505  1.750  1
2249.9810  26.00  0.016  5.829  1.370  1
2253.5780  37.00  0.048  2.400  99.000  1
2254.9989  39.00  0.176  1.398  1.250  1
2260.3043  20.00  0.014  5.453  1.250  1
2261.4115  20.00  0.402  4.680  0.750  1
2261.5409  26.00  0.015  6.017  1.350  1
2262.6011  26.00  0.190  4.991  1.170  1
2262.7301  23.00  0.012  2.379  1.070  1
2262.7394  22.00  0.232  1.749  1.820  1
2263.1137  20.00  0.422  4.681  1.000  1
2263.2899  20.00  0.307  4.681  0.920  1
2263.8920  22.00  0.183  1.879  1.160  1
2264.3184  21.00  0.141  1.440  1.480  1
2265.7359  20.00  0.440  4.681  1.130  1
2265.9762  20.00  0.307  4.681  1.210  1
2266.1529  20.00  0.082  4.681  2.000  1
2266.3146  21.00  0.224  1.440  1.310  1
2267.0442  19.00  0.028  3.743  99.000  1
2267.3011  19.00  0.017  3.743  99.000  1
2269.8343  13.00  0.012  4.827  99.000  1
2270.7064  13.00  0.019  4.827  99.000  1
2274.6623  26.00  0.031  6.200  1.160  1
2275.3858  24.00  0.019  3.857  1.110  1
2281.3970  12.00  0.076  6.719  99.000  1
2281.4000  12.00  0.013  6.719  99.000  1
2281.4000  12.00  0.013  6.719  99.000  1
2281.4250  12.00  0.061  6.719  99.000  1
2281.4490  12.00  0.048  6.719  99.000  1
2281.8812  26.00  0.018  5.793  1.470  1
2282.7293  20.00  0.293  4.624  1.000  1
2283.8595  26.00  0.055  5.099  0.760  1
2285.2175  26.00  0.026  5.828  1.550  1
2286.1741  27.00  0.027  3.409  2.500  1
2289.6252  22.00  0.118  2.236  0.500  1
2293.8768  37.00  0.030  2.400  99.000  1
2296.1058  19.00  0.025  3.743  99.000  1
2296.4802  19.00  0.014  3.743  99.000  1
2296.9597  22.00  0.413  1.887  1.110  1
2299.2523  21.00  0.355  1.448  1.330  1
2301.3260  22.00  0.036  1.430  0.530  1
2305.9928  20.00  0.237  5.026  1.000  1
2306.3688  22.00  0.030  1.443  1.010  1
2309.8614  22.00  0.017  1.460  1.210  1
2312.6414  21.00  0.166  1.433  1.490  1
2315.0897  26.00  0.029  6.175  1.510  1
2317.0546  26.00  0.068  5.086  1.250  1
2318.3240  22.00  0.193  1.873  0.910  1
2319.5253  27.00  0.022  3.530  0.840  1
2321.0413  39.00  0.053  1.356  1.590  1
2326.0033  56.00  0.498  1.143  1.350  1
2327.7912  20.00  0.018  3.910  0.340  1
2328.6411  21.00  0.015  2.569  1.100  1
2330.4129  20.00  0.013  5.886  1.330  1
2331.4838  26.00  0.117  4.076  1.530  1
2332.5301  19.00  0.021  3.743  99.000  1
2332.9382  19.00  0.012  3.743  99.000  1
2335.4750  11.00  0.510  3.753  99.000  1
2338.5340  11.00  0.415  3.753  99.000  1
2338.5520  11.00  0.541  3.753  99.000  1
2341.1144  21.00  0.327  1.440  1.240  1
2344.7880  22.00  0.394  1.879  1.050  1
2345.6602  20.00  0.069  5.300  0.750  1
2346.5563  20.00  0.087  5.300  1.000  1
2346.6037  20.00  0.019  5.300  0.920  1
2347.9618  20.00  0.106  5.300  1.130  1
2348.0280  20.00  0.018  5.300  1.210  1
2351.6740  26.00  0.013  5.946  1.240  1
2357.3091  26.00  0.056  6.144  1.450  1
2357.8672  26.00  0.016  5.874  1.390  1
2360.3945  21.00  0.138  1.428  1.510  1
2362.1463  20.00  0.010  5.271  2.000  1
2364.3037  20.00  0.028  5.272  1.750  1
2368.7185  20.00  0.042  5.273  1.250  1
2369.0204  26.00  0.040  5.305  1.140  1
2370.1316  26.00  0.070  5.064  1.380  1
2372.5508  22.00  0.368  1.873  0.810  1
2374.3089  12.00  0.031  7.063  99.000  1
2374.3258  12.00  0.018  7.063  99.000  1
2374.3388  12.00  0.017  7.063  99.000  1
2376.3174  20.00  0.059  5.168  1.000  1
2378.4776  21.00  0.036  1.448  1.490  1
2379.1284  19.00  0.019  3.743  99.000  1
2379.5812  19.00  0.011  3.743  99.000  1
2381.5875  21.00  0.293  1.433  1.030  1
2384.3180  12.00  0.018  6.726  99.000  1
2385.0000  12.00  0.014  6.726  99.000  1
2385.0479  12.00  0.014  6.726  99.000  1
2385.0640  12.00  0.034  6.726  99.000  1
2385.5895  26.00  0.012  6.268  0.810  1
2386.5000  12.00  0.013  6.726  99.000  1
2386.5730  12.00  0.050  6.726  99.000  1
2389.9106  26.00  0.054  2.692  0.590  1
2392.1019  39.00  0.016  1.430  1.470  1
2393.0974  26.00  0.020  6.253  1.100  1
2395.7168  19.00  0.011  3.743  1.070  1
2399.6997  39.00  0.141  1.374  1.060  1
2400.9039  20.00  0.025  4.532  0.750  1
2403.5280  11.00  0.166  4.345  99.000  1
2404.9560  11.00  0.209  4.345  99.000  1
2404.9560  11.00  0.065  4.345  99.000  1
2405.6527  25.00  0.011  5.703  1.970  1
2408.1356  21.00  0.264  1.428  0.410  1
2409.0261  26.00  0.016  6.017  1.070  1
2411.7946  21.00  0.069  1.440  1.500  1
2412.2240  20.00  0.034  5.490  1.000  1
2413.5071  26.00  0.034  3.415  1.340  1
2414.8471  26.00  0.015  2.728  0.380  1
2416.1407  12.00  0.028  7.063  99.000  1
2416.1582  12.00  0.016  7.063  99.000  1
2416.1716  12.00  0.015  7.063  99.000  1
2417.7190  71.00  0.465  0.000  0.830  1
2417.9785  20.00  0.053  4.532  1.500  1
2420.4214  25.00  0.014  5.707  1.400  1
2427.0890  26.00  0.017  6.277  2.280  1
2428.4146  24.00  0.023  3.878  1.190  1
2428.8434  22.00  0.359  2.267  1.050  1
2429.0853  39.00  0.025  1.408  1.220  1
2430.1986  21.00  0.078  1.433  1.480  1
2434.0115  26.00  0.125  4.143  1.440  1
2438.0462  26.00  0.014  5.319  0.550  1
2438.1003  26.00  0.040  6.237  1.550  1
2440.2683  19.00  0.018  3.743  99.000  1
2440.8480  11.00  0.195  4.116  99.000  1
2441.3538  20.00  0.076  5.321  1.000  1
2441.6170  11.00  0.144  4.116  99.000  1
2447.9618  20.00  0.099  5.049  1.000  1
2449.4351  26.00  0.054  5.033  1.420  1
2450.7560  12.00  0.013  6.588  99.000  1
2452.0351  12.00  0.017  7.069  99.000  1
2453.2900  26.00  0.013  6.237  2.640  1
2455.1385  21.00  0.129  2.109  1.030  1
2455.4640  26.00  0.060  6.206  1.220  1
2455.8705  26.00  0.012  5.921  1.430  1
2456.3253  26.00  0.048  5.828  1.290  1
2457.2288  12.00  0.095  6.588  99.000  1
2457.2525  12.00  0.022  6.588  99.000  1
2457.3000  12.00  0.063  6.588  99.000  1
2462.3713  19.00  0.015  3.743  1.070  1
2462.5592  20.00  0.193  5.228  0.830  1
2462.6769  19.00  0.011  3.743  0.900  1
2462.7679  20.00  0.210  5.229  1.000  1
2462.7679  20.00  0.061  5.229  0.920  1
2463.0518  20.00  0.062  5.229  1.150  1
2463.0518  20.00  0.226  5.229  1.100  1
2465.5148  26.00  0.022  6.268  1.770  1
2470.1227  12.00  0.025  7.063  99.000  1
2470.1410  12.00  0.014  7.063  99.000  1
2470.1550  12.00  0.014  7.063  99.000  1
2473.5840  26.00  0.085  6.169  1.290  1
2480.5360  12.00  0.132  5.931  99.000  1
2482.5690  12.00  0.189  5.932  99.000  1
2486.7330  12.00  0.216  5.933  99.000  1
2487.5684  21.00  0.011  2.109  1.040  1
2489.1027  26.00  0.014  6.780  1.200  1
2492.7697  39.00  0.118  1.356  0.440  1
2493.0481  26.00  0.039  5.828  1.410  1
2494.9098  26.00  0.019  5.946  1.260  1
2495.2528  21.00  0.101  2.111  0.880  1
2497.8132  26.00  0.017  5.874  1.340  1
2499.2771  13.00  0.025  4.993  99.000  1
2502.9723  13.00  0.042  4.994  99.000  1
2507.3767  20.00  0.245  4.554  1.000  1
2509.2183  12.00  0.016  7.069  99.000  1
2510.3955  26.00  0.021  5.874  1.210  1
2510.4573  26.00  0.022  6.277  1.750  1
2517.7793  26.00  0.022  6.253  1.560  1
2517.7837  22.00  0.050  3.890  0.890  1
2520.2420  39.00  0.021  1.398  1.440  1
2526.0052  20.00  0.299  4.554  1.010  1
2538.7148  26.00  0.016  6.222  1.670  1
2541.7599  12.00  0.024  7.063  99.000  1
2541.7793  12.00  0.013  7.063  99.000  1
2541.7941  12.00  0.013  7.063  99.000  1
2541.8470  12.00  0.055  6.779  99.000  1
2541.8720  12.00  0.064  6.779  99.000  1
2541.9080  12.00  0.073  6.779  99.000  1
2545.7410  11.00  0.052  4.345  99.000  1
2546.7630  20.00  0.269  4.531  2.000  1
2547.3420  11.00  0.084  4.345  99.000  1
2551.3510  20.00  0.330  4.532  1.750  1
2552.2008  56.00  0.542  1.190  1.240  1
2553.5479  19.00  0.020  3.743  99.000  1
2553.8740  19.00  0.015  3.743  99.000  1
2557.0497  22.00  0.054  3.904  1.000  1
2564.5701  22.00  0.311  2.578  1.090  1
2564.6799  20.00  0.357  4.535  1.250  1
2571.9417  20.00  0.181  5.250  1.000  1
2581.0022  26.00  0.014  5.921  0.990  1
2583.5434  26.00  0.017  5.947  1.650  1
2583.7263  39.00  0.023  1.374  1.460  1
2585.4458  12.00  0.016  7.069  99.000  1
2586.1385  14.00  0.026  5.619  1.170  1
2586.5565  26.00  0.014  6.547  0.980  1
2593.9274  25.00  0.018  5.133  1.700  1
2596.6870  11.00  0.314  4.284  99.000  1
2596.6870  11.00  0.111  4.284  99.000  1
2596.7110  11.00  0.292  4.284  99.000  1
2599.8160  26.00  0.014  6.311  1.980  1
